   9928 26.3431
  13448 28.0176
  14706 28.5532
  15646 28.8983
  16378 29.1687
  17190 29.4045
  17862 29.6425
  18436 29.8502
  18954 30.0018
  19600 30.1470
  20286 30.3385
  20950 30.5742
  21360 30.7024
  22068 30.8856
  22440 30.9572
  22958 31.0841
  23662 31.2613
  23996 31.3495
  24432 31.4498
  25092 31.6524
  25548 31.7791
  26040 31.8798
  26480 31.9814
  27014 32.1130
  27454 32.2578
  27826 32.3292
  28642 32.5154
  29118 32.6414
  29680 32.7558
  30510 32.9382
  31040 33.0447
  31590 33.1824
  31906 33.2460
  32568 33.3870
  33044 33.5239
  33244 33.5553
  33980 33.7177
  34418 33.8029
  34926 33.9314
  35622 34.0629
  35790 34.0995
  36668 34.2235
  37162 34.3550
  37636 34.4543
  38152 34.5239
  38678 34.6402
  38914 34.6748
  39632 34.8333
  39886 34.8753
  40358 34.9682
  41080 35.0770
  41146 35.0824
  42124 35.2658
  42780 35.3701
  43060 35.3864
  43606 35.5084
  44100 35.5971
  44530 35.6688
  44982 35.7364
  45610 35.8142
  46116 35.9162
  46596 36.0277
  46596 36.0277
  47970 36.2174
  48342 36.2930
  48930 36.3911
  49470 36.4634
  49800 36.5276
  50296 36.5776
  51000 36.7095
  51318 36.7715
  52676 36.9953
  52656 37.0066
  53322 37.1048
  53634 37.1531
  54676 37.2758
  56716 37.5791
  58812 37.8213
  60748 38.1501
  63072 38.4189
  65366 38.7044
  67842 39.0211
  71748 39.4724
  73512 39.7303
  77166 40.1216
  79878 40.4108
  84268 40.8738
  88178 41.2625
  91726 41.6296
  98108 42.1866
 102992 42.6587
 110910 43.2452
 114462 43.5930
 124208 44.3100
 135692 45.0335
 143380 45.5611
 154712 46.2269
 168580 46.9290
 183330 47.5157
 197022 48.2147
 201392 48.3919