  11548 25.8690
  16552 27.6012
  18402 28.0945
  20062 28.5202
  21130 28.8014
  22110 29.0827
  23160 29.3021
  24314 29.5476
  25162 29.7095
  26144 29.9355
  26940 30.0916
  27596 30.2472
  28644 30.4234
  29430 30.5586
  30270 30.7885
  31172 30.9310
  31900 31.0392
  32748 31.1855
  33756 31.3466
  34404 31.4521
  35102 31.5790
  35572 31.6797
  36516 31.8507
  36940 31.9577
  37702 32.1058
  38526 32.2238
  38968 32.3462
  39762 32.4699
  40584 32.6128
  41348 32.7670
  42366 32.9006
  42596 32.9613
  43246 33.0524
  44220 33.2193
  44900 33.3231
  45162 33.4149
  45802 33.5192
  46580 33.6430
  47332 33.7703
  47762 33.8497
  48318 33.9264
  49080 34.0516
  49946 34.1890
  50480 34.2930
  51138 34.3615
  52178 34.5222
  52440 34.5606
  53486 34.7128
  53584 34.7446
  54446 34.8451
  55762 35.0123
  55756 35.0479
  55926 35.0853
  56922 35.2282
  56970 35.2484
  58170 35.3676
  58566 35.4627
  59310 35.5745
  59664 35.6622
  60548 35.7452
  61018 35.8054
  61566 35.8896
  62292 35.9975
  62430 36.0114
  64012 36.1891
  64030 36.2135
  65908 36.3560
  65556 36.4107
  66688 36.5481
  67278 36.6505
  67454 36.6856
  68396 36.7552
  69230 36.8735
  69230 36.8735
  70458 37.0912
  70820 37.1432
  73354 37.3943
  75826 37.7231
  76978 38.0546
  79692 38.3423
  81702 38.5832
  84826 38.8824
  88602 39.3120
  92512 39.6271
  95254 39.9669
  99586 40.3195
 105090 40.7912
 107756 41.1161
 115886 41.7354
 106978 41.9602
 109524 42.3078
 118274 42.8610
 124192 43.4229
 135400 44.0872
 138984 44.3756
 154488 45.0852
 167426 45.9008
 175670 46.3688
 201666 47.2212
 215332 47.9519
 278614 48.1077