   9738 26.2774
  13112 27.9317
  14424 28.4831
  15280 28.8075
  15982 29.0951
  16710 29.3074
  17508 29.5547
  18004 29.7634
  18496 29.9165
  19138 30.0823
  19804 30.2863
  20506 30.5030
  20886 30.6319
  21548 30.8152
  21946 30.8962
  22408 31.0449
  23034 31.2062
  23368 31.3024
  23776 31.3976
  24460 31.5900
  24870 31.7145
  25354 31.8292
  25786 31.9250
  26298 32.0478
  26630 32.1738
  27230 32.2763
  27814 32.4354
  28456 32.5711
  28960 32.6920
  29736 32.8857
  30176 32.9945
  30696 33.1019
  31046 33.1867
  31636 33.3103
  32050 33.4510
  32376 33.4821
  33090 33.6572
  33416 33.7395
  34014 33.8823
  34726 34.0155
  34886 34.0298
  35646 34.1502
  36212 34.3053
  36674 34.3914
  37048 34.4449
  37602 34.5695
  37832 34.5911
  38618 34.7748
  38980 34.8230
  39318 34.9038
  39906 35.0120
  39958 35.0229
  40848 35.1839
  41570 35.2954
  41682 35.3047
  42254 35.4323
  42728 35.5074
  43240 35.5931
  43812 35.6661
  44276 35.7504
  44632 35.8356
  45300 35.9681
  45300 35.9681
  46566 36.1363
  46816 36.1981
  47368 36.3067
  47924 36.3818
  48372 36.4592
  48734 36.4965
  49534 36.6376
  49824 36.6968
  51156 36.9292
  51274 36.9469
  51942 37.0420
  52312 37.0877
  53488 37.2217
  55050 37.4959
  56790 37.7288
  59236 38.0709
  61578 38.3755
  63544 38.6267
  66358 38.9717
  69466 39.3765
  71728 39.6707
  74984 40.0433
  78048 40.3350
  82144 40.7909
  86062 41.1910
  89494 41.5504
  95816 42.1290
 100854 42.5945
 107920 43.1391
 112936 43.5558
 121568 44.2501
 133244 45.0069
 140856 45.5220
 150620 46.1583
 163836 46.8542
 176766 47.4438
 192352 48.1521
 197796 48.3369