0.0134722 26.7139
0.0214930556 28.2993
0.0240277778 28.7487
0.0261458333 29.0978
0.0279166667 29.4854
0.0298263889 29.8219
0.0310416667 30.1135
0.0325694444 30.3084
0.0330902778 30.505
0.0343055556 30.6966
0.0354861111 30.8198
0.0368055556 31.1591
0.0379861111 31.2681
0.0389583333 31.4029
0.0392361111 31.5631
0.0419097222 31.8032
0.0443055556 32.0239
0.0450347222 32.1547
0.0468402778 32.4244
0.0477777778 32.5551
0.0488888889 32.7369
0.0492361111 32.861
0.0506944444 32.9741
0.0511805556 33.0682
0.0523263889 33.2394
0.0526388889 33.393
0.0534375 33.5458
0.0543055556 33.6016
0.0557638889 33.723
0.0557291667 33.791
0.0563541667 33.9047
0.0573958333 34.0115
0.0576388889 34.1042
0.0584722222 34.2204
0.0587152778 34.3059
0.0597916667 34.4496
0.0607291667 34.5804
0.0609722222 34.663
0.0617361111 34.7967
0.0634375 34.8399
0.064375 34.9803
0.0654861111 34.9948
0.0660763889 34.9998
0.0686458333 35.1396
0.0705208333 35.258
0.0722569444 35.4361
0.0725 35.5599
0.0758333333 35.7287
0.0770138889 35.9547
0.0812152778 36.3735
0.0816666667 36.3415
0.0843402778 36.5872
0.0852430556 36.6591
0.0858333333 36.7602
0.0864583333 36.8491
0.0880555556 37.0054
0.0883680556 37.1278
0.0893402778 37.3162
0.0901041667 37.385
0.0906944444 37.5358
0.0913194444 37.6612
0.0925 37.9057
0.0937152778 38.1576
0.094375 38.1928
0.0955208333 38.4678
0.0961458333 38.4884
0.0969097222 38.6873
0.0968402778 38.8092
0.0986805556 38.9694
0.0992708333 39.1405
0.100381944 39.2737
0.101111111 39.3202
0.101944444 39.5153
0.103402778 39.7893
0.104618056 39.9537
0.105625 40.2008
0.108194444 40.6836
0.111111111 41.6582
0.113159722 42.492
0.115520833 43.8506
0.116527778 44.8663
0.118090278 44.113
0.120277778 43.7324
0.122569444 43.4696
0.125451389 43.2305
0.129479167 43.4546
0.133159722 43.5664
0.138263889 43.6084
0.1434375 44.4291
0.144791667 45.0583
0.145208333 46.2548
0.149444444 47.0825
0.157881944 46.7578
0.168402778 46.8208
0.176458333 47.7321
0.183194444 49.0025
0.200520833 48.9266
0.202569444 50.0726
0.231284722 50.2555
0.237743056 50.8697
0.246805556 51.168
0.0126388889 26.9529
0.0196875 28.4133
0.0227083333 28.9237
0.0246527778 29.3535
0.0272569444 29.6598
0.0282638889 29.8821
0.0300694444 30.3165
0.0314236111 30.605
0.0319791667 30.8246
0.0328472222 30.9047
0.0335069444 31.1157
0.0346180556 31.271
0.0357291667 31.4234
0.0377083333 31.5442
0.0385069444 31.7813
0.0391666667 31.8622
0.0410416667 32.059
0.0433333333 32.3157
0.0439930556 32.5201
0.045 32.6076
0.0460763889 32.8242
0.0472222222 32.9942
0.0483333333 33.1778
0.0490972222 33.2488
0.0498958333 33.4302
0.0503125 33.5567
0.0510069444 33.5975
0.0510763889 33.7812
0.0519097222 33.8957
0.0522916667 33.9744
0.0538541667 34.1206
0.0543402778 34.1647
0.0547569444 34.2878
0.0556944444 34.3359
0.0568402778 34.4931
0.0574305556 34.5746
0.0582986111 34.6303
0.0587847222 34.794
0.0588888889 34.8034
0.0609375 34.912
0.0621875 35.0487
0.0624305556 35.1497
0.0640277778 35.2414
0.0646180556 35.3487
0.0668402778 35.447
0.0689236111 35.6125
0.0712847222 35.7242
0.0739236111 35.8071
0.0762847222 36.0811
0.0776041667 36.2506
0.0776041667 36.2506
0.0797222222 36.5866
0.0831944444 36.7914
0.0839236111 36.8794
0.0861805556 37.1018
0.0874305556 37.2746
0.0870486111 37.3128
0.0874305556 37.4592
0.0904166667 37.7418
0.0910416667 37.9059
0.0908333333 37.9978
0.0927083333 38.2659
0.0927083333 38.2659
0.0938888889 38.4884
0.09375 38.4917
0.0947569444 38.8377
0.0958680556 38.9665
0.0970138889 39.1959
0.0973263889 39.3229
0.0976388889 39.5234
0.0982638889 39.6362
0.100069444 40.0103
0.100069444 39.9879
0.101979167 40.2776
0.102291667 40.3518
0.103923611 40.6446
0.105972222 41.319
0.1084375 42.1903
0.111458333 43.6455
0.112916667 44.7125
0.113819444 46.7232
0.1153125 46.4763
0.116597222 45.3792
0.118645833 44.8767
0.121180556 44.5069
0.124340278 44.4817
0.126215278 44.5409
0.134618056 44.6857
0.137881944 45.4359
0.137013889 46.383
0.135208333 48.7775
0.134722222 49.9566
0.142118056 48.8204
0.150173611 48.8233
0.157048611 49.4348
0.155347222 51.6279
0.168854167 51.0222
0.169861111 52.3666
0.179722222 52.7788
0.183888889 53.3315
0.192916667 53.5841
0.01125 27.3628
0.0184027778 28.9242
0.0206944444 29.4722
0.0230555556 29.8864
0.0249305556 30.2847
0.0268055556 30.5171
0.0271875 30.7428
0.0285069444 31.0127
0.0297222222 31.222
0.0303125 31.3571
0.0306597222 31.5101
0.0323958333 31.7655
0.0334722222 31.9106
0.035625 32.1204
0.0363888889 32.2209
0.0385416667 32.4498
0.0396527778 32.6851
0.0404513889 32.7971
0.0421875 33.0529
0.0423958333 33.1239
0.0433680556 33.291
0.0442361111 33.3793
0.0452083333 33.6134
0.0457986111 33.6898
0.0465277778 33.8486
0.0468055556 33.9442
0.0476041667 34.046
0.0479861111 34.1509
0.0495138889 34.2379
0.0501041667 34.4514
0.0512847222 34.5055
0.0517361111 34.5937
0.0517361111 34.6672
0.0523611111 34.7001
0.0539583333 34.8488
0.0538194444 34.879
0.0547222222 34.9585
0.0555208333 35.1126
0.0566666667 35.1302
0.0595138889 35.3871
0.0598958333 35.4427
0.0611458333 35.533
0.0629166667 35.728
0.0665972222 35.9089
0.0677083333 35.9525
0.068125 36.1121
0.0704513889 36.3638
0.0708680556 36.3631
0.0717708333 36.4759
0.0748958333 36.7291
0.0746527778 36.7237
0.0763541667 36.9607
0.0794444444 37.3544
0.0794444444 37.3544
0.0816319444 37.5574
0.0819444444 37.663
0.0841666667 37.8207
0.0838888889 37.9394
0.0861111111 38.1648
0.08625 38.2984
0.086875 38.5187
0.0874652778 38.6423
0.0894444444 38.8672
0.0890972222 38.9754
0.0904513889 39.1836
0.0914583333 39.5081
0.0918402778 39.4947
0.0933680556 39.7738
0.0933680556 39.7738
0.0950694444 40.112
0.0950694444 40.112
0.0969791667 40.4635
0.0970138889 40.458
0.0991666667 41.0235
0.0995833333 41.212
0.100381944 41.4389
0.102604167 42.4692
0.103854167 43.4223
0.105972222 44.5303
0.107326389 45.534
0.107881944 45.5027
0.109826389 45.4905
0.110694444 44.8787
0.113784722 44.8968
0.115034722 44.6524
0.118055556 44.6437
0.120902778 44.5456
0.127916667 45.2473
0.130694444 46.1613
0.131423611 47.4378
0.1296875 48.6985
0.132222222 49.0189
0.140416667 48.7672
0.146076389 49.2488
0.145555556 50.5961
0.149652778 51.1536
0.159930556 52.0047
0.165173611 51.7718
0.172083333 53.0738
0.17625 53.2197
0.183819444 53.2645
0.00861111111 28.5208
0.0130902778 29.6474
0.0150694444 29.9884
0.0162152778 30.1984
0.0175347222 30.3864
0.0190625 30.5665
0.0204861111 30.8567
0.0213888889 31.0368
0.0222569444 31.183
0.0235416667 31.4179
0.0248611111 31.547
0.0256944444 31.697
0.0264583333 31.8244
0.0277777778 31.9522
0.0291666667 32.0142
0.0305555556 32.2005
0.031875 32.4522
0.0326388889 32.6254
0.0342013889 32.8567
0.0353472222 32.9457
0.0362847222 33.1466
0.0369444444 33.2208
0.0373958333 33.3873
0.0381597222 33.5116
0.0386458333 33.5852
0.0393055556 33.7823
0.0397569444 33.8283
0.0406597222 33.9524
0.0409375 34.0901
0.0414236111 34.0212
0.0426041667 34.1838
0.0429513889 34.3129
0.0435416667 34.434
0.0448611111 34.5627
0.0460416667 34.6548
0.0465277778 34.7134
0.0477083333 34.8583
0.0483333333 34.9314
0.0487152778 35.0228
0.0506944444 35.1169
0.0510763889 35.1968
0.0526041667 35.2683
0.0531597222 35.3476
0.0536111111 35.3621
0.0567013889 35.5306
0.0587847222 35.7372
0.0604166667 35.8359
0.0615972222 35.8862
0.06875 36.2896
0.0693402778 36.2997
0.0717013889 36.5854
0.0721875 36.7465
0.0751041667 36.8994
0.0748611111 37.0724
0.0762152778 37.1352
0.0786111111 37.3512
0.0799305556 37.6043
0.0801041667 37.6249
0.08125 37.8914
0.0815972222 37.9144
0.0836805556 38.1946
0.0838194444 38.2947
0.0854513889 38.5346
0.0855555556 38.5844
0.0865972222 38.8269
0.0872916667 39.0183
0.0877777778 39.0627
0.0896180556 39.4961
0.0896180556 39.4961
0.0916666667 39.8921
0.0916666667 39.8921
0.0922916667 40.1008
0.0934375 40.3508
0.0936805556 40.5165
0.0952083333 40.766
0.09625 41.0194
0.0983680556 41.778
0.100069444 42.573
0.102048611 43.7852
0.103020833 44.7058
0.104722222 46.8992
0.105277778 46.3773
0.106631944 45.7637
0.107951389 45.3723
0.109930556 44.9267
0.113125 44.9324
0.116527778 44.7407
0.122395833 44.9399
0.127326389 45.5672
0.125972222 46.732
0.125347222 48.1972
0.124930556 49.7591
0.131145833 48.9212
0.139791667 49.0923
0.1409375 50.2864
0.140208333 52.1722
0.155 51.5888
0.15875 52.2308
0.161701389 54.2156
0.168854167 53.6481
0.1775 53.5849
0.0109375 27.2463
0.0176041667 28.9158
0.0200347222 29.4308
0.0220833333 29.7179
0.0235763889 30.0435
0.0251041667 30.2946
0.0263541667 30.5175
0.0272569444 30.6721
0.0281597222 30.8992
0.0292361111 31.081
0.0303819444 31.2804
0.0323263889 31.4866
0.0330208333 31.5935
0.0349652778 31.7526
0.035 31.9233
0.036875 32.1194
0.0382638889 32.2631
0.0401041667 32.4456
0.0411458333 32.5705
0.0429513889 32.7477
0.0443402778 32.9631
0.0449652778 33.0778
0.0462847222 33.2012
0.0465625 33.3759
0.0474652778 33.5158
0.0484375 33.623
0.0492708333 33.7096
0.0498611111 33.8201
0.0499305556 33.9017
0.0510069444 34.043
0.0517361111 34.1614
0.0517361111 34.2126
0.0525 34.3051
0.0532986111 34.3812
0.0546180556 34.5152
0.0563888889 34.5679
0.0582291667 34.7007
0.0584375 34.7146
0.0595138889 34.8345
0.0625694444 34.9998
0.0625694444 35.068
0.0630902778 35.1029
0.0657291667 35.2392
0.0655208333 35.3678
0.0685416667 35.5263
0.0704166667 35.6143
0.0725347222 35.8121
0.0730208333 35.8691
0.0734375 35.9741
0.0794791667 36.2381
0.0794791667 36.2381
0.0803125 36.3963
0.0810763889 36.5849
0.0849652778 36.6614
0.0854861111 36.8087
0.0857638889 36.8611
0.0901736111 37.1855
0.0942013889 37.6261
0.0940972222 37.6811
0.0959375 37.9098
0.0959722222 37.971
0.0981944444 38.2843
0.0981944444 38.2843
0.099375 38.5237
0.100902778 38.6943
0.101840278 38.8132
0.102569444 39.1637
0.103506944 39.3726
0.104965278 39.5834
0.104930556 39.6371
0.106597222 39.9533
0.106666667 40.0015
0.108055556 40.4054
0.108055556 40.4054
0.109965278 40.9271
0.109965278 40.9271
0.112916667 41.8584
0.1153125 43.1167
0.117986111 44.1025
0.118506944 44.8564
0.120347222 45.2962
0.122430556 45.7904
0.1234375 45.205
0.125520833 44.7508
0.127534722 44.738
0.129722222 44.5852
0.136770833 44.5482
0.141631944 45.081
0.145243056 45.4007
0.147291667 46.6731
0.143784722 47.9599
0.145416667 48.6372
0.150277778 49.0202
0.161388889 48.9487
0.165173611 50.0392
0.172708333 50.8736
0.178472222 51.752
0.186319444 52.3295
0.194166667 52.9889
0.200451389 53.4665
0.201805556 53.477
0.0160069444 26.1882
0.0238194444 27.6876
0.0278125 28.214
0.0301041667 28.6242
0.0322222222 28.9465
0.0350694444 29.3058
0.0366666667 29.5413
0.0385069444 29.8001
0.0398263889 30.0358
0.0410416667 30.1425
0.0418402778 30.3228
0.0434375 30.558
0.0446527778 30.7864
0.0465625 31.0114
0.0478472222 31.0849
0.0499652778 31.3099
0.0522569444 31.5262
0.0530902778 31.7081
0.0553472222 32.0067
0.0562152778 32.1818
0.0579861111 32.3299
0.0585416667 32.4407
0.0590625 32.5369
0.0599652778 32.7064
0.0608333333 32.8331
0.0619444444 32.9853
0.0625694444 33.0888
0.0636111111 33.1767
0.0642361111 33.3233
0.0652083333 33.4131
0.0660069444 33.497
0.0673611111 33.6024
0.0682986111 33.673
0.0705555556 33.8386
0.0704861111 33.9297
0.0707986111 33.9529
0.0720833333 34.0562
0.0733333333 34.1647
0.0751388889 34.2929
0.0765972222 34.4091
0.0759375 34.4455
0.0797569444 34.6594
0.0826388889 34.8254
0.0835763889 34.94
0.0842708333 34.9587
0.0878819444 35.1489
0.0889583333 35.2498
0.0903472222 35.4159
0.0916319444 35.4682
0.0928819444 35.6209
0.0965625 35.7952
0.0965277778 35.8075
0.102013889 36.2299
0.101875 36.3025
0.107256944 36.6652
0.107847222 36.7888
0.109479167 36.8763
0.111284722 37.0667
0.111458333 37.2078
0.112430556 37.364
0.113090278 37.5183
0.114548611 37.7435
0.115138889 37.8235
0.116458333 38.1177
0.1184375 38.4596
0.118368056 38.4629
0.119826389 38.6732
0.121388889 38.8596
0.121875 39.0742
0.122881944 39.2272
0.123923611 39.473
0.124826389 39.5452
0.125520833 39.72
0.1259375 39.8786
0.127534722 40.2229
0.128472222 40.385
0.131840278 41.1596
0.13625 42.5014
0.137638889 43.3767
0.139409722 43.8761
0.141145833 45.1889
0.142708333 44.9912
0.144479167 44.0837
0.147326389 43.931
0.150659722 43.7916
0.154722222 43.7664
0.160451389 43.8892
0.166875 44.2009
0.172048611 45.3849
0.169722222 46.423
0.168263889 47.7654
0.170763889 48.2038
0.181909722 47.993
0.190555556 48.5258
0.195798611 49.3187
0.1984375 50.3199
0.211770833 50.5325
0.216354167 51.5398
0.225277778 52.6577
0.231840278 52.8578
0.240277778 52.8264
0.0155902778 25.9616
0.0246875 27.7634
0.028125 28.2087
0.0302083333 28.6616
0.0323263889 29.0394
0.0348263889 29.3387
0.0370486111 29.6153
0.0379166667 29.8522
0.0391666667 30.0685
0.0406944444 30.2489
0.0413888889 30.4041
0.0420138889 30.5477
0.0438194444 30.7291
0.0453472222 30.8919
0.0485069444 31.161
0.0496180556 31.3508
0.0523958333 31.5908
0.0538541667 31.6872
0.0546527778 31.8618
0.0556597222 32.0611
0.0567361111 32.1899
0.0582638889 32.3836
0.0588541667 32.5451
0.0598263889 32.6329
0.0604166667 32.7845
0.0611805556 32.8522
0.0621527778 32.954
0.0626736111 33.1017
0.0634027778 33.2607
0.0641319444 33.3585
0.0654861111 33.5362
0.0672569444 33.5914
0.0684722222 33.7098
0.0693055556 33.7654
0.0701388889 33.8835
0.0713194444 33.9337
0.0725694444 34.051
0.0730208333 34.1564
0.0732638889 34.2297
0.0753819444 34.3177
0.0762847222 34.4491
0.0776736111 34.5183
0.0814236111 34.6945
0.0832638889 34.7752
0.0851388889 34.9208
0.0861111111 35.0712
0.0921875 35.2884
0.0928125 35.3719
0.0934375 35.5099
0.0975347222 35.818
0.0975347222 35.818
0.0982638889 35.9715
0.1015625 36.2623
0.104756944 36.3685
0.106736111 36.6189
0.108715278 36.7751
0.108784722 36.8954
0.109270833 36.969
0.111006944 37.2048
0.112916667 37.3996
0.113298611 37.4811
0.1146875 37.7195
0.115 37.7969
0.116493056 38.0394
0.117222222 38.1609
0.118680556 38.482
0.119131944 38.507
0.120243056 38.7719
0.121770833 38.9597
0.122361111 39.1267
0.123020833 39.2011
0.124444444 39.4263
0.125451389 39.6012
0.127013889 39.9332
0.127986111 40.052
0.129895833 40.3791
0.132604167 41.2057
0.135520833 42.2114
0.137986111 43.2765
0.139409722 44.5336
0.140902778 45.5084
0.142986111 44.7125
0.144791667 44.1307
0.147951389 43.9469
0.150625 43.8444
0.1546875 43.7738
0.159444444 43.9034
0.167777778 44.2793
0.170590278 45.1774
0.169652778 46.5506
0.168090278 48.3085
0.170902778 47.9384
0.178368056 47.8915
0.189618056 48.0809
0.193680556 49.603
0.198993056 50.2683
0.212083333 50.6683
0.216597222 51.3874
0.222152778 52.9568
0.232604167 52.7726
0.240590278 52.7169
0.0213888889 25.2872
0.0328125 27.1659
0.0365972222 27.759
0.0392708333 28.1502
0.0416319444 28.387
0.0445138889 28.7099
0.0463194444 29.0361
0.0484722222 29.26
0.0501041667 29.4873
0.0515625 29.6996
0.0528819444 29.8306
0.0549652778 30.0222
0.0563541667 30.1913
0.0575694444 30.3603
0.0598263889 30.524
0.0617708333 30.7344
0.0640972222 30.9577
0.0659722222 31.1479
0.0684027778 31.3697
0.0686805556 31.5531
0.0703125 31.6618
0.0719791667 31.8647
0.0726041667 31.9961
0.0740277778 32.1078
0.0757986111 32.3285
0.0767708333 32.4567
0.0774652778 32.5121
0.0785416667 32.692
0.0795138889 32.852
0.0805555556 32.8569
0.081875 32.9952
0.0822569444 33.0821
0.0840277778 33.2018
0.0851388889 33.3528
0.085 33.4149
0.0872916667 33.537
0.0886805556 33.6475
0.0906597222 33.755
0.0907986111 33.8149
0.0929513889 33.8944
0.0939236111 34.0288
0.0952430556 34.0598
0.0970833333 34.1841
0.0986111111 34.3161
0.101180556 34.4216
0.104236111 34.5811
0.104236111 34.5811
0.107777778 34.8204
0.112326389 35.0918
0.113923611 35.1408
0.119097222 35.4712
0.1209375 35.6087
0.121631944 35.662
0.124722222 35.9444
0.125694444 36.0584
0.127465278 36.1721
0.127951389 36.2261
0.130208333 36.3898
0.130659722 36.5164
0.131631944 36.7662
0.133020833 36.832
0.134826389 37.2241
0.134826389 37.2241
0.137847222 37.5512
0.138229167 37.6938
0.138819444 37.8193
0.139375 37.9584
0.141215278 38.1562
0.141597222 38.2491
0.143055556 38.5723
0.143472222 38.6322
0.145902778 38.9466
0.145798611 38.9387
0.148680556 39.323
0.148923611 39.3824
0.152395833 39.8693
0.154444444 40.4377
0.157777778 41.2879
0.160590278 42.1078
0.163993056 44.3431
0.165763889 46.9682
0.166840278 44.7317
0.169444444 44.0757
0.171111111 43.5833
0.175902778 43.1941
0.178958333 43.2769
0.183645833 43.5097
0.1915625 43.5159
0.196215278 44.7949
0.196875 45.5561
0.196493056 46.6947
0.193993056 48.4206
0.203090278 47.6446
0.217951389 47.467
0.223576389 48.5319
0.220798611 50.0158
0.236527778 49.7719
0.240277778 51.2839
0.259479167 51.3167
0.267673611 51.8887
0.2803125 52.382
0.00392361111 38.9845
0.00402777778 40.4392
0.00402777778 40.8975
0.00447916667 40.7115
0.0046875 40.9453
0.00486111111 40.8044
0.00493055556 40.8812
0.005 40.9807
0.00520833333 40.8479
0.0053125 40.9669
0.00517361111 41.7156
0.00503472222 42.4395
0.00510416667 42.0601
0.00517361111 42.032
0.00527777778 42.0519
0.00545138889 42.0682
0.00552083333 42.1902
0.00527777778 43.0484
0.00548611111 42.5836
0.0053125 42.868
0.00552083333 42.6728
0.00534722222 43.5052
0.00552083333 43.593
0.00579861111 43.3471
0.00569444444 43.726
0.00586805556 43.9503
0.0059375 44.0592
0.00607638889 44.0931
0.00611111111 44.1508
0.00607638889 44.119
0.00621527778 44.2151
0.00642361111 44.0671
0.00649305556 44.5441
0.00659722222 44.2158
0.00663194444 44.4404
0.00673611111 44.4951
0.00684027778 44.4157
0.00701388889 44.5264
0.00690972222 44.7228
0.00701388889 44.7516
0.00732638889 44.6007
0.0075 44.8227
0.00739583333 44.753
0.0075 44.8643
0.00760416667 44.9201
0.0078125 45.1227
0.00788194444 45.1759
0.0078125 45.2287
0.00815972222 45.2672
0.00840277778 45.1325
0.0084375 45.139
0.0084375 45.2682
0.00847222222 45.274
0.00871527778 45.4416
0.00871527778 45.4436
0.00875 45.5342
0.00888888889 45.5971
0.00913194444 45.3907
0.00923611111 45.7756
0.00920138889 45.8442
0.00951388889 46.1169
0.00958333333 46.1302
0.00965277778 46.2341
0.00972222222 46.2784
0.00986111111 46.3205
0.00986111111 46.2875
0.01 46.3297
0.0100694444 46.485
0.0103125 46.4885
0.0103125 46.5043
0.0105902778 46.5434
0.0109722222 46.6637
0.0109375 46.6937
0.0111111111 46.6759
0.0113194444 46.7384
0.0115972222 46.8484
0.0121180556 47.031
0.0123958333 47.3373
0.0132291667 47.4646
0.0139236111 47.5736
0.0139930556 48.0696
0.0144097222 48.2018
0.0158333333 48.8158
0.0165625 48.8771
0.0177430556 49.1819
0.0183333333 49.2647
0.0200694444 49.7794
0.0213888889 50.122
0.0241319444 50.3321
0.0266319444 51.0114
0.0285763889 51.3512
0.0299305556 51.6068
0.0305208333 51.7336
0.0319791667 52.0167
0.0361111111 52.2638
0.0393055556 52.8601
0.0471875 53.6038
0.0496180556 54.5351
0.0561458333 56.3873
0.0552430556 57.9022
0.0552777778 57.931
0.010625 29.1124
0.0134722222 31.0002
0.0145138889 31.6966
0.0154513889 31.9546
0.015625 32.3047
0.0167361111 32.6324
0.0176388889 32.7021
0.0179861111 32.9646
0.0184027778 33.3139
0.0188541667 33.4583
0.0190972222 33.6077
0.0198263889 33.6437
0.0203819444 33.806
0.0208333333 34.049
0.0212152778 34.3404
0.0218055556 34.3333
0.0220833333 34.5914
0.0229166667 34.8141
0.0231597222 34.9124
0.0236111111 35.0404
0.0245138889 35.1522
0.0251736111 35.3242
0.0252777778 35.4266
0.0256597222 35.54
0.0260416667 35.6602
0.0264236111 35.7707
0.0269097222 35.8023
0.0271527778 35.9493
0.0272569444 36.1421
0.0277777778 36.2797
0.0287152778 36.5042
0.0293055556 36.5715
0.0293402778 36.7604
0.0298263889 36.6513
0.0304513889 36.8197
0.030625 36.8741
0.0310416667 37.0224
0.0311111111 37.063
0.0316666667 37.1416
0.0323958333 37.2161
0.0324652778 37.5149
0.0326041667 37.696
0.0330555556 37.737
0.0330208333 37.7746
0.0338194444 37.8006
0.0344097222 37.9433
0.0348958333 38.0121
0.0350347222 38.1479
0.0359027778 38.1227
0.0363194444 38.2901
0.0370486111 38.3169
0.0370486111 38.3345
0.0372916667 38.4226
0.0373958333 38.422
0.0384722222 38.7189
0.0386111111 38.8279
0.0397569444 38.9664
0.0400694444 38.9685
0.0401736111 39.0258
0.0406597222 39.0606
0.0411805556 39.2687
0.04125 39.3221
0.0414583333 39.3994
0.0415972222 39.4435
0.0429513889 39.5655
0.0429513889 39.5655
0.0448611111 39.718
0.0448263889 39.7467
0.0459375 39.9024
0.0460763889 39.9285
0.0465972222 40.0899
0.0468402778 40.1082
0.0472222222 40.2184
0.0480208333 40.218
0.0483333333 40.3599
0.0488888889 40.3758
0.0509027778 40.711
0.0517708333 41.0111
0.0556597222 41.424
0.0565277778 41.6177
0.0589583333 41.9231
0.0615277778 42.4118
0.0644791667 42.7277
0.0657291667 42.9268
0.0717708333 43.4311
0.0738541667 43.7593
0.0777777778 44.0738
0.0840625 44.5213
0.0845833333 44.6752
0.09 45.2546
0.0969097222 45.861
0.1003125 46.4592
0.109305556 46.808
0.118611111 47.6233
0.127152778 48.5607
0.140868056 49.147
0.148923611 49.4352
0.155 50.2675
0.170659722 51.3016
0.170486111 52.3057
0.172291667 52.388
0.0101041667 29.1142
0.0131597222 31.0057
0.0144444444 31.8324
0.0151736111 32.251
0.0157986111 32.5949
0.0168402778 32.6803
0.0169444444 32.8224
0.0180555556 33.0492
0.0186111111 33.4713
0.0188541667 33.6072
0.0190625 33.8639
0.0195833333 33.9409
0.0204166667 34.0093
0.0210069444 34.275
0.0212152778 34.345
0.0216666667 34.6649
0.0220833333 34.7818
0.0222916667 34.9223
0.0228819444 35.096
0.0236805556 35.2387
0.0244097222 35.3758
0.024375 35.5027
0.0248611111 35.6676
0.0252083333 35.744
0.0255902778 35.8345
0.0261458333 35.9761
0.0264930556 36.1035
0.0273263889 36.1138
0.0276041667 36.3638
0.0283333333 36.5257
0.0288541667 36.65
0.0293402778 36.8266
0.0295138889 36.8244
0.0296527778 36.9675
0.0297916667 37.1511
0.0305902778 37.1422
0.0309722222 37.2388
0.0309375 37.2713
0.0315625 37.3664
0.0319444444 37.5003
0.0319097222 37.7256
0.0325 37.7371
0.0334375 37.9584
0.0332986111 38.0015
0.03375 38.1511
0.0342361111 38.2024
0.0347222222 38.2788
0.0351041667 38.3552
0.0351736111 38.3627
0.0360069444 38.3946
0.0360069444 38.3946
0.0366319444 38.5105
0.0372916667 38.7078
0.0372916667 38.7078
0.0383680556 38.8384
0.0387847222 38.9779
0.0390625 39.183
0.0401736111 39.2399
0.04 39.2812
0.0403819444 39.2901
0.0414236111 39.3261
0.0415625 39.5051
0.0421180556 39.6138
0.0420486111 39.615
0.0436805556 39.7845
0.0436805556 39.7845
0.0438888889 39.8805
0.0446875 39.9234
0.0452083333 40.1379
0.0450694444 40.1817
0.0465277778 40.255
0.0474305556 40.3252
0.0472916667 40.466
0.0475 40.4753
0.0484375 40.5344
0.0484375 40.5344
0.0504166667 40.7827
0.05125 41.2382
0.0550694444 41.5753
0.0554861111 41.8222
0.0579166667 42.0978
0.0609027778 42.5963
0.0619444444 42.822
0.0640625 43.0637
0.0670833333 43.4047
0.0721875 43.8475
0.0730902778 44.1157
0.0799652778 44.5669
0.0828125 44.8084
0.0886458333 45.3536
0.0957291667 45.8798
0.0996527778 46.4055
0.108159722 46.895
0.111354167 47.4497
0.124340278 48.5733
0.131111111 49.0472
0.146597222 49.5226
0.1515625 50.4019
0.166944444 51.3904
0.168055556 52.3585
0.168611111 52.3771
0.0096875 29.3002
0.0126388889 30.9978
0.0137152778 31.8299
0.0146875 32.1463
0.0151736111 32.5215
0.0158680556 32.6014
0.0165972222 32.7455
0.0171180556 33.0013
0.0175347222 33.2348
0.0185069444 33.4479
0.018125 33.6799
0.0190972222 33.8832
0.0194097222 34.016
0.0197569444 34.2486
0.0200694444 34.3881
0.0207291667 34.4962
0.0211458333 34.6404
0.0213888889 34.7967
0.0220833333 35.0077
0.0223611111 35.1805
0.0224652778 35.3577
0.0229513889 35.4717
0.0234375 35.5558
0.0239583333 35.6671
0.0243055556 35.743
0.0249305556 35.8407
0.0251041667 35.9663
0.0261111111 35.9716
0.0265625 36.1883
0.0266666667 36.2214
0.0262847222 36.3693
0.0266666667 36.5395
0.0279166667 36.5611
0.0280208333 36.7904
0.0280555556 36.906
0.0288194444 36.9227
0.0294097222 37.0195
0.0296527778 37.0478
0.0294791667 37.1937
0.0304861111 37.4554
0.0312152778 37.5389
0.0310069444 37.7247
0.0317361111 37.8201
0.0317361111 37.8245
0.0320833333 38.0144
0.0326736111 38.087
0.03375 38.1667
0.0337847222 38.1855
0.0336458333 38.1982
0.0339930556 38.2984
0.0346527778 38.3078
0.035 38.4032
0.0353819444 38.4563
0.0354861111 38.7278
0.0361805556 38.7493
0.0370138889 38.9664
0.0376388889 39.0567
0.0376388889 39.1053
0.0386805556 39.0932
0.0385763889 39.2176
0.0386111111 39.279
0.0401041667 39.3954
0.0401041667 39.3954
0.0414236111 39.4602
0.0417013889 39.5199
0.0418402778 39.6819
0.0421180556 39.7437
0.0416666667 39.809
0.0434375 39.9106
0.0436805556 39.965
0.0449305556 40.1071
0.0450347222 40.1323
0.0453819444 40.2736
0.0454861111 40.3146
0.0458680556 40.3105
0.04625 40.4402
0.0483333333 40.6841
0.0491319444 41.114
0.0513194444 41.3099
0.0543055556 41.8413
0.056875 42.0961
0.0577083333 42.3089
0.0608680556 42.7413
0.0632638889 42.9206
0.0683333333 43.5026
0.0686458333 43.6583
0.0740625 44.1782
0.0785416667 44.4879
0.0833680556 44.9821
0.0865972222 45.2278
0.091875 45.8067
0.096875 46.461
0.104340278 46.8743
0.108958333 47.4578
0.117847222 48.2886
0.135451389 49.1204
0.142118056 49.496
0.1490625 50.2427
0.163715278 51.4487
0.163923611 52.371
0.166041667 52.4782
0.0101736111 29.4225
0.0122916667 31.5913
0.0133333333 32.1173
0.0140277778 32.4801
0.014375 32.8187
0.0153819444 32.9245
0.0159375 33.0931
0.0167708333 33.4256
0.0173611111 33.5569
0.0171875 33.8085
0.0175347222 33.9109
0.0178819444 34.08
0.01875 34.0982
0.0192013889 34.3315
0.0198263889 34.6421
0.0201736111 34.8687
0.020625 34.858
0.0204861111 35.0254
0.0213541667 34.9855
0.0217708333 35.2967
0.0218402778 35.3849
0.0221875 35.6558
0.0228819444 35.5447
0.0229861111 35.7661
0.0233680556 35.8254
0.0235069444 35.9392
0.0236111111 35.8916
0.0243055556 36.2212
0.0252083333 36.3023
0.0253472222 36.3746
0.0261111111 36.4385
0.0265625 36.5697
0.0269444444 36.739
0.0270138889 36.9082
0.0275 36.9388
0.0279513889 37.0794
0.0281944444 37.2018
0.028125 37.2263
0.0286458333 37.3324
0.0288541667 37.6113
0.0295486111 37.6705
0.0296180556 37.7654
0.0297916667 37.9211
0.0297569444 37.9636
0.0303472222 38.037
0.0306597222 38.0673
0.0314236111 38.1541
0.0316319444 38.1374
0.0327430556 38.2871
0.0334722222 38.3451
0.0335763889 38.3738
0.0338888889 38.5171
0.0341319444 38.6869
0.0344444444 38.8533
0.0352430556 38.861
0.0360069444 39.0329
0.0365972222 39.1146
0.0371875 39.2916
0.0372222222 39.2991
0.0380208333 39.3721
0.038125 39.3645
0.0385069444 39.4787
0.0389583333 39.5879
0.0392013889 39.7059
0.0398958333 39.7688
0.0407291667 39.8308
0.0414236111 39.8493
0.0417708333 39.9375
0.0420486111 40.0467
0.0421180556 40.0576
0.0433333333 40.2384
0.0433333333 40.2429
0.0434375 40.3541
0.0434375 40.3541
0.0438888889 40.4418
0.0450347222 40.5628
0.0472569444 40.782
0.0483333333 41.1936
0.0510763889 41.3924
0.0527777778 41.8725
0.0545833333 42.1959
0.0567013889 42.5676
0.0582291667 42.7374
0.0595138889 43.0831
0.0646180556 43.5123
0.0659722222 43.745
0.0714236111 44.1378
0.0751388889 44.508
0.0793055556 44.9913
0.0827083333 45.3561
0.0890277778 45.8345
0.0940277778 46.5038
0.101388889 46.9754
0.106597222 47.5381
0.116180556 48.6264
0.132083333 49.2792
0.138368056 49.5971
0.1446875 50.4161
0.157847222 51.6131
0.158506944 52.5448
0.160486111 52.6993
0.00951388889 29.4564
0.0114236111 31.7103
0.0123611111 31.9398
0.0128125 32.7272
0.0137152778 32.9058
0.0144444444 33.1
0.0145833333 33.1227
0.0149652778 33.4439
0.0157986111 33.573
0.0160069444 33.6904
0.0164930556 33.9447
0.0171527778 34.1946
0.0171180556 34.3689
0.0183680556 34.392
0.0184722222 34.6775
0.0186805556 34.8365
0.0194097222 35.0006
0.0194444444 35.1898
0.0197569444 35.3435
0.0203472222 35.4027
0.0205208333 35.4518
0.0206597222 35.5894
0.0209375 35.788
0.0219097222 35.8644
0.0218055556 35.9519
0.0224305556 36.0918
0.0224305556 36.2765
0.023125 36.3117
0.0230208333 36.4541
0.0232638889 36.5158
0.0240277778 36.5865
0.0240625 36.7673
0.0246180556 36.8584
0.0252777778 36.9133
0.025625 36.9988
0.0258333333 37.0138
0.0260763889 37.1343
0.02625 37.4461
0.0269444444 37.5454
0.0272222222 37.7196
0.0275347222 37.7039
0.0278819444 37.7393
0.0289930556 37.9279
0.0290972222 38.0123
0.0286111111 38.1895
0.0293055556 38.2687
0.0295486111 38.3114
0.0298611111 38.4446
0.0307291667 38.4793
0.0311458333 38.4526
0.0313541667 38.5198
0.0315972222 38.751
0.0317013889 38.7512
0.0328125 38.9353
0.0331597222 39.0518
0.0334375 39.0558
0.0336458333 39.1513
0.0345833333 39.273
0.0346527778 39.2822
0.0362152778 39.3449
0.0368055556 39.3799
0.0360069444 39.4793
0.0361458333 39.5514
0.036875 39.6343
0.0378125 39.7915
0.0373263889 39.8101
0.0378125 39.8811
0.0384375 39.9325
0.0389930556 40.0236
0.0391319444 40.0711
0.0392708333 40.2027
0.0395138889 40.3044
0.0407638889 40.3905
0.0412152778 40.4447
0.04125 40.429
0.0417708333 40.6023
0.0433680556 41.0139
0.0456597222 41.3426
0.046875 41.5445
0.0479513889 41.7856
0.0513888889 42.1768
0.0520833333 42.3993
0.0549652778 42.7765
0.0571875 43.0645
0.0599305556 43.4594
0.0627083333 43.7128
0.0665277778 44.1628
0.0710416667 44.4355
0.0770486111 45.0301
0.0810069444 45.3843
0.0876736111 46.086
0.0939930556 46.5562
0.0973263889 46.8717
0.103020833 47.6242
0.111493056 48.5594
0.122986111 48.9629
0.133090278 49.8673
0.139583333 50.2321
0.150694444 51.272
0.155 52.374
0.157777778 52.654
0.00878472222 30.1121
0.0112152778 31.056
0.0120138889 31.3963
0.0127777778 31.697
0.0138194444 31.9186
0.0144444444 32.1752
0.0151041667 32.3546
0.0161111111 32.6433
0.0169444444 32.6715
0.0173611111 32.8571
0.0179166667 33.0314
0.0187152778 33.1468
0.0189930556 33.2278
0.0196527778 33.3706
0.0203125 33.4836
0.0208333333 33.5854
0.0212847222 33.7457
0.0219444444 33.8734
0.0223263889 33.9854
0.0229861111 34.0704
0.0234722222 34.1047
0.0244097222 34.2196
0.0244791667 34.3987
0.0255208333 34.4719
0.0257291667 34.4874
0.0259722222 34.6059
0.0265972222 34.6913
0.0270486111 34.9259
0.0279166667 34.9443
0.0282638889 35.0897
0.0293402778 35.1646
0.0299305556 35.3117
0.0298958333 35.4421
0.0308333333 35.555
0.0317361111 35.5181
0.0327777778 35.6337
0.0323611111 35.7358
0.033125 35.7899
0.0341666667 35.9018
0.0346527778 35.8602
0.0345833333 36.2119
0.0354166667 36.2632
0.0355555556 36.3147
0.0365972222 36.3166
0.0371527778 36.5341
0.0382291667 36.6052
0.0391666667 36.6233
0.0398263889 36.7595
0.0403819444 36.8613
0.0406944444 36.9135
0.0421180556 36.9933
0.0420833333 37.0482
0.0426736111 37.1889
0.0431944444 37.2221
0.0445138889 37.3427
0.044375 37.4171
0.0463194444 37.494
0.0466666667 37.5938
0.0479861111 37.7712
0.0479861111 37.7712
0.0485416667 37.8412
0.0491666667 37.9278
0.0496180556 38.0208
0.0505902778 38.0081
0.0513194444 38.1807
0.0517708333 38.2931
0.0522916667 38.3023
0.0519444444 38.3709
0.0529513889 38.4146
0.0543055556 38.6772
0.0543055556 38.6772
0.0571180556 38.8552
0.0573611111 38.8391
0.0576041667 38.9078
0.0580208333 39.0306
0.0588888889 39.0558
0.0612847222 39.2393
0.0657638889 39.7542
0.0673611111 39.9911
0.0710763889 40.307
0.0759027778 40.645
0.0776736111 40.9216
0.0835069444 41.3186
0.0868055556 41.6226
0.0924305556 41.9901
0.095 42.2953
0.101666667 42.74
0.1109375 43.3254
0.116875 43.8013
0.1240625 44.2608
0.13125 44.8154
0.136597222 45.3333
0.1459375 45.8369
0.155868056 46.5412
0.167673611 47.2663
0.1865625 47.8581
0.206180556 48.8395
0.216701389 49.8581
0.235347222 50.7734
0.244618056 51.5145
0.248298611 51.6494
0.0146527778 26.7972
0.0199305556 28.0996
0.0224652778 28.5865
0.024375 28.8853
0.0256597222 29.0951
0.0270486111 29.3797
0.0289930556 29.5712
0.0298958333 29.7394
0.0311458333 29.9275
0.0322222222 30.0902
0.03375 30.2554
0.0349652778 30.3491
0.0357638889 30.464
0.0375694444 30.6481
0.0383333333 30.7204
0.0397916667 30.902
0.0406597222 31.0603
0.04125 31.103
0.0428125 31.2606
0.044375 31.3657
0.0455902778 31.4812
0.0463888889 31.5129
0.0476041667 31.7686
0.0488888889 31.8699
0.0502083333 31.9261
0.0517361111 32.1266
0.0525347222 32.1696
0.0537847222 32.3259
0.0547222222 32.3915
0.0562847222 32.5417
0.0578472222 32.6479
0.0592013889 32.7454
0.0603819444 32.9428
0.0616666667 33.076
0.0627777778 33.126
0.0642013889 33.2637
0.0651388889 33.3449
0.0661458333 33.466
0.0668055556 33.5235
0.0680555556 33.6812
0.0701388889 33.8245
0.0714583333 33.9385
0.0713194444 33.9463
0.07375 34.0531
0.0750347222 34.2164
0.0769791667 34.2653
0.0773611111 34.3202
0.0785416667 34.4521
0.0795833333 34.5229
0.0812152778 34.6537
0.0826736111 34.7564
0.0832638889 34.817
0.0838888889 34.9267
0.0834722222 34.9435
0.0861458333 35.037
0.0890625 35.2358
0.0890625 35.2358
0.0899305556 35.2863
0.0905208333 35.4139
0.0932638889 35.5018
0.0942013889 35.5206
0.0945486111 35.6264
0.0952430556 35.6899
0.0971527778 35.8006
0.0988888889 35.9383
0.0999305556 35.9648
0.102569444 36.0882
0.102638889 36.1932
0.105347222 36.3332
0.105451389 36.3679
0.107256944 36.5098
0.108368056 36.505
0.109895833 36.6186
0.111215278 36.7421
0.112743056 36.8872
0.113090278 36.9465
0.118541667 37.209
0.123993056 37.5853
0.129270833 37.9171
0.135555556 38.2763
0.140347222 38.6391
0.145972222 38.8778
0.151180556 39.2716
0.1621875 39.69
0.166458333 39.9883
0.1771875 40.4603
0.187916667 40.8826
0.197881944 41.4349
0.207465278 41.854
0.214965278 42.2709
0.230347222 43.01
0.245486111 43.7299
0.259652778 44.3505
0.274618056 45.0308
0.288472222 45.5618
0.318506944 46.6382
0.340451389 47.4875
0.356597222 48.1193
0.385486111 48.8976
0.402256944 49.6117
0.409027778 49.7406
0.0145138889 26.6796
0.0207638889 27.9632
0.0226388889 28.4399
0.0241666667 28.779
0.0258680556 29.0614
0.0269791667 29.2981
0.0284375 29.4647
0.0295486111 29.6165
0.0311805556 29.7614
0.0319791667 29.9438
0.0335416667 30.0932
0.0354513889 30.3459
0.0363194444 30.4976
0.0381944444 30.6119
0.0387847222 30.7118
0.0399652778 30.7729
0.0416666667 30.9795
0.0425347222 31.0619
0.0437847222 31.1583
0.0449305556 31.3432
0.0454861111 31.4442
0.0471875 31.5584
0.0487847222 31.6275
0.0498958333 31.7989
0.0506944444 31.9159
0.0513541667 32.0196
0.0533680556 32.2015
0.0539930556 32.2547
0.0554166667 32.4076
0.0567013889 32.5458
0.0587847222 32.6323
0.0597569444 32.7987
0.0614236111 32.8483
0.0630208333 33.0147
0.0631944444 33.0942
0.0643055556 33.1935
0.0653819444 33.3018
0.0668402778 33.3915
0.0684027778 33.5993
0.0686805556 33.5931
0.0701388889 33.7901
0.0713888889 33.8357
0.0738888889 33.9659
0.0739236111 34.0573
0.0751041667 34.1124
0.0769444444 34.1702
0.0778819444 34.2894
0.0782291667 34.327
0.0802083333 34.507
0.0815277778 34.5609
0.0826388889 34.6645
0.0838194444 34.7167
0.0852083333 34.8404
0.0865277778 34.9512
0.0874652778 34.9617
0.0880902778 35.063
0.09 35.1085
0.0914583333 35.2339
0.0935763889 35.3706
0.0935763889 35.3706
0.0951388889 35.5317
0.0954513889 35.5594
0.0960069444 35.6278
0.0982986111 35.7873
0.0998611111 35.8428
0.101979167 35.941
0.103333333 36.0748
0.103680556 36.1225
0.105659722 36.2115
0.106041667 36.2694
0.108576389 36.3997
0.108784722 36.4324
0.110555556 36.6375
0.112013889 36.7549
0.113923611 36.83
0.117152778 36.9782
0.121805556 37.2785
0.126145833 37.5661
0.130486111 37.8668
0.136701389 38.2114
0.143680556 38.5415
0.147986111 38.8855
0.157013889 39.2112
0.163229167 39.6303
0.171076389 40.1022
0.1771875 40.3992
0.191354167 40.9554
0.198298611 41.4193
0.209722222 41.8731
0.222291667 42.5064
0.230069444 43.0352
0.244861111 43.5753
0.256944444 44.1325
0.272395833 44.8587
0.290902778 45.6219
0.318888889 46.4365
0.340868056 47.3707
0.358472222 48.1427
0.386180556 48.9887
0.403993056 49.6278
0.412256944 49.7752
0.0101736111 29.1656
0.01375 30.241
0.0153472222 30.5684
0.0161111111 30.7999
0.0173263889 31.1119
0.0182986111 31.3211
0.0189583333 31.4001
0.0196180556 31.5807
0.0207291667 31.66
0.0216666667 31.8562
0.0219791667 32.0785
0.0227777778 32.2266
0.0234027778 32.4329
0.0246527778 32.5127
0.025 32.5985
0.0264583333 32.7325
0.0271180556 32.8793
0.0274652778 32.9886
0.0285416667 33.0467
0.0286805556 33.2189
0.0296527778 33.2997
0.0306944444 33.4612
0.0312152778 33.6343
0.0320833333 33.6445
0.0329166667 33.7406
0.0340277778 33.8362
0.0344791667 33.9329
0.0353472222 34.1538
0.0353472222 34.2457
0.0362847222 34.3415
0.0373263889 34.4448
0.0378472222 34.589
0.0387152778 34.6021
0.0397916667 34.7491
0.0403472222 34.8354
0.0408333333 34.9085
0.0422569444 35.0642
0.0429513889 35.1332
0.0432986111 35.1717
0.0444791667 35.3192
0.0447222222 35.421
0.0454861111 35.4697
0.0457291667 35.5936
0.0461458333 35.6571
0.0480555556 35.8211
0.0483680556 35.8238
0.0489583333 35.9373
0.0496875 36.0009
0.0503472222 36.0269
0.0517013889 36.1778
0.0519097222 36.1954
0.0529861111 36.3155
0.0541319444 36.4264
0.0545138889 36.5009
0.0546875 36.5217
0.0568402778 36.6969
0.0571527778 36.752
0.0579861111 36.8259
0.0590625 36.8927
0.0592361111 36.9545
0.0605555556 37.0658
0.0617013889 37.1516
0.0621527778 37.2542
0.0643402778 37.4385
0.0645833333 37.4192
0.0654166667 37.4945
0.0657291667 37.5214
0.0669444444 37.6485
0.0668055556 37.637
0.0677777778 37.7459
0.0688194444 37.8349
0.0702430556 37.9595
0.0728472222 38.2059
0.0728472222 38.2059
0.0735763889 38.2499
0.0746527778 38.3147
0.0780902778 38.6176
0.0813541667 38.9798
0.0834375 39.1273
0.0891319444 39.6277
0.0938541667 39.9538
0.0974652778 40.2952
0.104097222 40.7342
0.1065625 40.8864
0.115381944 41.4974
0.118263889 41.7078
0.126111111 42.2227
0.134479167 42.5899
0.141180556 43.1223
0.147777778 43.5531
0.160381944 44.1353
0.167222222 44.7251
0.179236111 45.2338
0.191979167 45.9457
0.203576389 46.6471
0.229270833 47.4117
0.238159722 47.876
0.257534722 48.758
0.279097222 49.6402
0.294375 50.328
0.301631944 50.5675
0.00993055556 29.6139
0.0127777778 30.665
0.0139236111 31.0482
0.0150347222 31.3207
0.0158680556 31.6328
0.0166319444 31.7437
0.0168402778 31.9484
0.0174652778 32.0675
0.0184027778 32.1985
0.0190972222 32.299
0.0198611111 32.4903
0.020625 32.5322
0.0208680556 32.6687
0.0217361111 32.8521
0.0224652778 32.9863
0.0233333333 33.0814
0.0238888889 33.1778
0.0246180556 33.3183
0.0251041667 33.4503
0.0266319444 33.5635
0.0269791667 33.7002
0.0272222222 33.827
0.028125 33.9167
0.0292013889 33.9829
0.0297222222 34.0553
0.0300694444 34.062
0.0303125 34.2326
0.0311111111 34.3625
0.0317361111 34.5101
0.0325347222 34.6602
0.033125 34.7035
0.033125 34.7801
0.0342708333 34.8499
0.0349652778 34.9423
0.0357291667 35.0894
0.0361111111 35.1197
0.0369791667 35.2469
0.0373611111 35.3387
0.0378472222 35.4037
0.0387152778 35.5677
0.0392361111 35.7457
0.0394444444 35.7325
0.0404513889 35.8626
0.0412152778 35.9812
0.0420138889 36.0131
0.0427777778 36.1584
0.0438194444 36.1873
0.0444097222 36.2062
0.0447569444 36.3039
0.0455902778 36.4704
0.0455902778 36.4827
0.0467013889 36.5011
0.0478125 36.585
0.0477777778 36.7421
0.0481597222 36.7582
0.0495833333 36.9005
0.0503819444 36.9526
0.0518055556 37.0729
0.0517361111 37.1625
0.0528472222 37.2244
0.0528819444 37.2447
0.0548611111 37.3348
0.055 37.4243
0.0562152778 37.5392
0.0563888889 37.618
0.0580902778 37.6781
0.0586805556 37.7735
0.0592361111 37.8395
0.0601041667 37.9293
0.0613541667 38.0502
0.0617013889 38.0981
0.0625694444 38.1918
0.0639930556 38.3024
0.0639930556 38.3024
0.0658333333 38.4741
0.0658333333 38.4741
0.0694444444 38.7544
0.0712847222 39.1368
0.0762152778 39.5369
0.0801388889 39.8358
0.0838194444 40.0311
0.0879861111 40.5073
0.0919444444 40.7852
0.0959027778 41.1706
0.103090278 41.5946
0.105763889 41.9649
0.1134375 42.426
0.121631944 42.7662
0.127916667 43.3444
0.137361111 43.8159
0.1421875 44.1576
0.151701389 44.9317
0.161180556 45.3792
0.1721875 46.0856
0.189097222 46.9775
0.2153125 47.9174
0.226076389 48.4311
0.240555556 49.3304
0.262951389 50.2285
0.274583333 50.8802
0.279201389 51.0041
0.00295138889 50.0899
0.00295138889 50.0899
0.00295138889 48.9917
0.003125 49.0377
0.003125 49.0377
0.00298611111 50.0122
0.00298611111 50.0122
0.00298611111 49.0979
0.00295138889 48.9917
0.00302083333 49.0979
0.00319444444 48.8943
0.00319444444 48.9455
0.00315972222 48.8428
0.00319444444 48.6149
0.003125 49.8171
0.00319444444 48.9221
0.00315972222 48.9137
0.00305555556 50.0414
0.00305555556 50.0414
0.00309027778 50.5043
0.00309027778 50.5043
0.00305555556 50.7823
0.00319444444 49.1449
0.00309027778 50.6568
0.00309027778 50.6805
0.00329861111 49.0996
0.00329861111 49.1178
0.00322916667 50.9124
0.00329861111 51.8884
0.00329861111 51.901
0.00329861111 51.901
0.00333333333 52.3966
0.00333333333 52.3966
0.00333333333 52.3966
0.00336805556 52.3465
0.00347222222 52.7264
0.00347222222 52.7264
0.0034375 52.8374
0.00347222222 53.0047
0.0034375 52.9947
0.0034375 52.9947
0.00350694444 53.0504
0.00357638889 53.018
0.00354166667 53.0504
0.00354166667 53.0504
0.00399305556 51.2744
0.00399305556 51.2744
0.00378472222 53.188
0.00378472222 53.1545
0.00395833333 52.4242
0.00385416667 53.2301
0.00385416667 53.2301
0.00385416667 53.2269
0.00385416667 53.2269
0.00385416667 53.6744
0.00385416667 53.6744
0.00385416667 53.6744
0.00385416667 53.6744
0.00385416667 53.6147
0.00392361111 53.616
0.00392361111 53.579
0.00395833333 54.0727
0.00395833333 54.0727
0.0040625 54.0347
0.0040625 54.0347
0.00409722222 54.0312
0.00409722222 54.0312
0.00409722222 54.0312
0.00409722222 54.0312
0.00409722222 54.0934
0.00409722222 54.0934
0.0040625 54.1349
0.00409722222 54.121
0.00409722222 54.121
0.00409722222 54.1095
0.00409722222 54.1095
0.00416666667 54.5283
0.00423611111 55.1271
0.00423611111 55.1799
0.004375 55.1135
0.00434027778 56.4987
0.00434027778 56.4786
0.00465277778 56.493
0.00472222222 56.4559
0.00479166667 56.6381
0.00472222222 57.2872
0.00486111111 57.4324
0.00493055556 57.3883
0.00527777778 57.6517
0.00583333333 57.5417
0.00638888889 57.8572
0.00663194444 58.0401
0.006875 58.148
0.00760416667 58.5523
0.00975694444 58.9915
0.0100694444 59.2417
0.0116319444 59.446
0.0122222222 60.8071
0.0139583333 61.787
0.0127083333 62.4737
0.0126388889 62.4737
0.0191666667 25.246
0.0294791667 27.0925
0.0331597222 27.4855
0.0355902778 27.9162
0.0378472222 28.2413
0.0403472222 28.4054
0.0427777778 28.7184
0.0449652778 28.8922
0.0458333333 29.0623
0.0475 29.2645
0.0492708333 29.4932
0.0511111111 29.673
0.0532638889 29.8538
0.0548263889 30.009
0.0557638889 30.1425
0.0571875 30.319
0.0596180556 30.4803
0.0608680556 30.639
0.0627430556 30.7512
0.0642708333 30.8216
0.0661458333 30.9693
0.0671875 31.0911
0.0690277778 31.254
0.0702777778 31.402
0.0720486111 31.5953
0.0736111111 31.7114
0.0747916667 31.8462
0.0777083333 32.0112
0.0796180556 32.116
0.0808680556 32.2385
0.0820138889 32.2943
0.0830555556 32.4246
0.08375 32.4873
0.0863194444 32.6348
0.0863888889 32.8112
0.0886805556 32.9519
0.0896875 33.0389
0.0907638889 33.0834
0.0926388889 33.2224
0.0936805556 33.3316
0.0958680556 33.4739
0.0980902778 33.5438
0.0982291667 33.5734
0.100381944 33.726
0.100763889 33.8082
0.103333333 33.8764
0.103506944 33.9416
0.103472222 34.0704
0.105069444 34.124
0.107534722 34.2588
0.108298611 34.2908
0.111770833 34.4572
0.111840278 34.4899
0.113125 34.5832
0.115381944 34.692
0.116527778 34.7266
0.117361111 34.8265
0.118333333 34.9024
0.120208333 34.9866
0.122083333 35.0652
0.122604167 35.1483
0.123020833 35.1942
0.126597222 35.3714
0.128333333 35.5171
0.130104167 35.5968
0.131458333 35.6895
0.133229167 35.8208
0.1346875 35.8501
0.136701389 35.8812
0.137569444 35.9885
0.138298611 36.0549
0.141666667 36.1807
0.143541667 36.2936
0.144131944 36.3632
0.145729167 36.4247
0.146319444 36.5233
0.156840278 36.9953
0.160104167 37.2717
0.166284722 37.6043
0.170729167 37.8193
0.180520833 38.3159
0.184930556 38.5338
0.195833333 39.0361
0.202673611 39.3357
0.210798611 39.6738
0.221319444 40.2169
0.232326389 40.6747
0.238888889 41.042
0.251041667 41.5113
0.264756944 42.129
0.275277778 42.7314
0.290520833 43.3328
0.305520833 43.9381
0.327256944 44.7643
0.3428125 45.3623
0.370034722 46.1457
0.394236111 47.0127
0.412395833 47.7418
0.441666667 48.5145
0.462395833 49.1934
0.470555556 49.3376
0.0189583333 25.4227
0.0290972222 27.1215
0.0322569444 27.69
0.0355208333 28.022
0.0372222222 28.2921
0.0402083333 28.548
0.0416319444 28.7751
0.0442708333 29.0283
0.04625 29.171
0.0477430556 29.3668
0.0495486111 29.5612
0.0514930556 29.8118
0.0525 29.9055
0.0540625 30.0616
0.0555555556 30.1989
0.0565277778 30.364
0.0588541667 30.5712
0.0608680556 30.6654
0.0619444444 30.8464
0.0631944444 30.8957
0.0651041667 31.053
0.0665625 31.161
0.0683680556 31.3001
0.0695138889 31.4457
0.0703125 31.5518
0.0724652778 31.7507
0.0740625 31.8636
0.0765277778 31.9886
0.0782291667 32.1497
0.08 32.2456
0.0815972222 32.4116
0.0826736111 32.4751
0.0839930556 32.5286
0.0847222222 32.7285
0.0860416667 32.8619
0.0871180556 32.912
0.0879166667 33.0221
0.0896875 33.1284
0.0922916667 33.2504
0.0959722222 33.4297
0.0946875 33.4718
0.0958680556 33.5232
0.09875 33.7336
0.0992361111 33.7621
0.100138889 33.8185
0.10125 33.9866
0.102048611 34.0185
0.103298611 34.1597
0.103472222 34.2358
0.1065625 34.3345
0.109236111 34.4764
0.110069444 34.5436
0.112013889 34.6304
0.111805556 34.687
0.113784722 34.734
0.1153125 34.8375
0.1165625 34.919
0.116736111 34.9636
0.119444444 35.1273
0.12 35.2018
0.121388889 35.262
0.124444444 35.4488
0.124791667 35.4823
0.128090278 35.6568
0.129270833 35.6918
0.130243056 35.7508
0.129895833 35.7513
0.1346875 35.9754
0.135243056 36.0218
0.136423611 36.1391
0.138159722 36.2128
0.1384375 36.2481
0.142326389 36.4069
0.142326389 36.4069
0.145347222 36.6156
0.145347222 36.6156
0.154756944 37.0481
0.158611111 37.3377
0.164409722 37.6136
0.170972222 37.9791
0.177951389 38.3462
0.182743056 38.6203
0.192777778 39.1242
0.199930556 39.402
0.2096875 39.8471
0.217222222 40.267
0.228854167 40.7047
0.236284722 41.0949
0.247951389 41.6442
0.261354167 42.1146
0.272256944 42.7398
0.286944444 43.357
0.306770833 44.164
0.319861111 44.6451
0.338645833 45.3716
0.366145833 46.1648
0.39125 47.0603
0.408611111 47.806
0.437673611 48.5464
0.456909722 49.1645
0.465243056 49.3358
0.0113888889 28.3941
0.0146875 29.9053
0.0158333333 30.3712
0.0169097222 30.6515
0.0175694444 31.0243
0.0184375 31.241
0.0193402778 31.2061
0.0196875 31.6715
0.0206944444 31.7612
0.0209722222 31.9941
0.0221527778 32.1324
0.0223958333 32.3085
0.0227430556 32.4817
0.0238541667 32.6351
0.0241666667 32.8288
0.0244791667 32.8843
0.0263541667 33.0608
0.0259027778 33.1815
0.0266666667 33.3645
0.0272569444 33.4389
0.0280555556 33.6383
0.0287152778 33.8048
0.0292708333 33.8642
0.0297222222 33.9193
0.0303125 34.0152
0.0309375 34.157
0.0313888889 34.3044
0.0321875 34.2821
0.0325694444 34.4286
0.0329861111 34.5861
0.0334375 34.6913
0.0342361111 34.8394
0.0347916667 34.9368
0.0353125 35.012
0.0363541667 35.0902
0.0367013889 35.0966
0.0371875 35.2366
0.0382986111 35.4001
0.0386458333 35.5286
0.0393055556 35.6851
0.0402430556 35.8264
0.0402777778 35.8705
0.0417361111 35.9658
0.0423263889 36.0793
0.0424652778 36.1811
0.0436111111 36.3124
0.0435763889 36.3185
0.0439583333 36.402
0.0446875 36.4803
0.045625 36.5822
0.0460069444 36.547
0.0469444444 36.7683
0.0469444444 36.7942
0.0477083333 36.9028
0.0484722222 37.0163
0.0494097222 37.0681
0.0502430556 37.1565
0.0505208333 37.2518
0.0506944444 37.3364
0.0531944444 37.4618
0.0535069444 37.4885
0.0533333333 37.5706
0.0533333333 37.6038
0.0559027778 37.7228
0.0559027778 37.7584
0.0560069444 37.812
0.0563194444 37.8646
0.0569791667 38.0044
0.0581944444 38.0972
0.0590972222 38.2385
0.0604166667 38.3084
0.0607638889 38.3222
0.0618402778 38.4495
0.0626736111 38.5193
0.0633333333 38.585
0.0646875 38.6938
0.0676041667 39.0045
0.0696527778 39.3334
0.0728472222 39.6268
0.0755555556 39.9375
0.0806597222 40.2757
0.0833333333 40.5517
0.0877083333 40.9756
0.0911805556 41.2532
0.0969444444 41.7189
0.0996527778 42.0375
0.106076389 42.4205
0.112465278 42.8505
0.11875 43.3399
0.126215278 43.7678
0.135555556 44.4046
0.146527778 45.1062
0.151597222 45.486
0.162569444 46.2032
0.173645833 46.8811
0.195486111 47.7447
0.209930556 48.5601
0.219305556 49.2521
0.238993056 50.0745
0.244652778 50.8317
0.248576389 50.9503
0.0129166667 28.0546
0.0165972222 29.6778
0.0178472222 30.1353
0.0194791667 30.4138
0.0202083333 30.8126
0.0209027778 30.9679
0.0219097222 31.1967
0.0226736111 31.4294
0.0234375 31.5989
0.0240277778 31.7941
0.0247916667 32.0072
0.0255555556 32.2268
0.0256597222 32.3487
0.0266319444 32.5788
0.0270833333 32.6682
0.0280902778 32.8628
0.0288194444 33.0463
0.0299305556 33.0846
0.030625 33.2247
0.0309722222 33.3012
0.0320138889 33.5707
0.0324652778 33.6658
0.0330902778 33.7732
0.0338888889 33.8514
0.0339930556 34.0101
0.0350347222 34.1534
0.0354166667 34.1737
0.0362847222 34.3891
0.0363194444 34.4987
0.0369444444 34.5776
0.0378472222 34.7138
0.0386805556 34.8557
0.0392361111 34.9615
0.0402430556 35.0539
0.0412847222 35.2031
0.0413194444 35.2334
0.0413888889 35.2779
0.0426736111 35.3921
0.0433680556 35.4655
0.0441319444 35.63
0.0451041667 35.755
0.0451388889 35.8539
0.0461805556 35.981
0.0464236111 36.0543
0.0470138889 36.161
0.0487152778 36.2997
0.0491319444 36.3594
0.0495833333 36.4284
0.0510069444 36.5772
0.0512847222 36.6141
0.0517361111 36.7695
0.0517708333 36.8627
0.0529166667 36.9004
0.0535069444 37.0373
0.0538194444 37.0766
0.0550694444 37.2298
0.0555208333 37.2954
0.0565972222 37.3965
0.0571180556 37.5341
0.0575 37.6057
0.0577430556 37.6379
0.0594444444 37.7644
0.0594444444 37.7644
0.0601041667 37.821
0.0609027778 37.995
0.0620833333 38.0134
0.0628472222 38.1145
0.0635763889 38.2724
0.0648958333 38.3235
0.0655208333 38.4167
0.0667013889 38.5192
0.0675347222 38.6096
0.0671875 38.6651
0.06875 38.7535
0.0702083333 38.8392
0.0709375 38.8777
0.0748263889 39.2796
0.07625 39.4779
0.0792708333 39.863
0.0817708333 40.0738
0.0855555556 40.4105
0.0897222222 40.801
0.0967361111 41.2393
0.0988888889 41.5007
0.106006944 42.0353
0.108576389 42.269
0.116215278 42.7963
0.124548611 43.2018
0.126458333 43.4793
0.134826389 43.992
0.144756944 44.6419
0.151180556 45.1897
0.162013889 45.7836
0.172118056 46.5462
0.185555556 47.2606
0.210590278 48.1577
0.218854167 48.559
0.229097222 49.5442
0.248576389 50.3101
0.256354167 50.9987
0.259166667 51.0755
