46.4955
47.1579
47.1573
47.3747
47.2442
46.5591
46.4835
45.9354
52.4681
47.3226
47.2849
47.3955
47.3788
47.2901
45.8605
43.904
44.0162
45.3996
45.5503
59.7328
43.6797
43.6741
45.8295
46.0422
47.4053
48.2089
49.0846
48.3988
48.3092
48.1268
47.9815
46.9466
53.0443
48.1063
48.1108
48.2852
48.2843
48.3937
46.871
44.9419
44.9945
46.3878
46.5724
60.4628
44.6227
44.869
46.8139
46.8781
38.8605
38.8957
39.3334
39.1735
39.0048
38.3904
38.4404
37.8991
46.911
41.2864
41.411
41.2955
41.3592
41.5199
39.8362
37.5552
37.5436
39.2495
39.4936
57.4199
37.0684
37.0384
39.7682
39.8711
42.909
43.3153
44.3032
43.7713
43.5308
42.8732
43.0029
42.0698
48.7709
43.4002
43.601
43.4968
43.6714
43.6601
42.0141
39.7991
39.7944
41.3552
41.4974
57.5631
39.348
39.3618
41.9758
42.0087
47.0427
48.6644
47.9567
48.6172
47.9773
47.3786
46.9875
47.0034
49.6525
45.3477
45.5287
45.2701
45.5233
45.2808
43.7505
41.7368
41.7102
43.248
43.4141
55.4648
41.4222
41.4711
43.7748
43.8308
46.1375
47.0144
47.1617
47.5076
47.1706
46.2977
46.4134
45.6265
51.1411
46.5631
46.4252
46.4746
46.5382
46.4565
44.9604
42.9226
42.8549
44.5651
44.6026
57.252
42.6587
42.6456
45.0204
45.1627
46.3249
47.0928
47.2779
47.4679
47.2842
46.3276
46.3526
45.6809
51.2608
46.8614
47.0505
46.7278
46.8569
46.8105
45.3465
43.4675
43.353
44.8527
45.0597
57.8964
43.1868
43.1683
45.2872
45.4596
