0.007430555555555556 32.25
0.008506944444444444 34.04
0.008958333333333334 34.46
0.009583333333333333 34.9
0.009652777777777777 35.29
0.01017361111111111 35.52
0.010381944444444444 35.73
0.010625 35.78
0.011006944444444444 35.91
0.011597222222222222 36.18
0.01173611111111111 36.64
0.012152777777777778 36.73
0.012291666666666666 36.89
0.012465277777777778 37.15
0.012638888888888889 37.41
0.012986111111111111 37.41
0.012951388888888889 37.58
0.013159722222222222 37.9
0.013506944444444445 37.69
0.013506944444444445 37.83
0.01361111111111111 37.97
0.01375 38.07
0.013888888888888888 38.19
0.013993055555555555 38.32
0.013993055555555555 38.69
0.01423611111111111 38.86
0.014340277777777778 38.94
0.014513888888888889 38.98
0.014548611111111111 38.97
0.014826388888888889 39.0
0.015 39.07
0.015069444444444444 39.05
0.0153125 39.22
0.015590277777777778 39.4
0.015729166666666666 39.54
0.015729166666666666 39.54
0.015729166666666666 39.56
0.01607638888888889 39.74
0.016354166666666666 39.7
0.016527777777777777 39.71
0.0165625 39.69
0.016666666666666666 39.71
0.016875 39.83
0.016944444444444446 39.99
0.017118055555555556 40.17
0.017361111111111112 40.14
0.017395833333333333 40.15
0.0175 40.27
0.017777777777777778 40.37
0.017881944444444443 40.36
0.017916666666666668 40.39
0.018055555555555554 40.33
0.018298611111111113 40.38
0.018298611111111113 40.46
0.018472222222222223 40.5
0.018541666666666668 40.55
0.01857638888888889 40.56
0.018819444444444444 40.63
0.01885416666666667 40.61
0.018993055555555555 40.65
0.019097222222222224 40.64
0.01920138888888889 40.57
0.01934027777777778 40.69
0.019444444444444445 40.69
0.01972222222222222 40.72
0.019791666666666666 40.74
0.020069444444444445 40.76
0.020069444444444445 40.84
0.020277777777777777 40.93
0.02034722222222222 40.87
0.020416666666666666 40.98
0.020694444444444446 40.98
0.020763888888888887 41.01
0.020902777777777777 41.04
0.021076388888888888 41.05
0.021388888888888888 41.1
0.021770833333333333 41.21
0.022395833333333334 41.3
0.02277777777777778 41.34
0.02340277777777778 41.45
0.023715277777777776 41.37
0.024444444444444446 41.4
0.025173611111111112 41.59
0.025729166666666668 41.64
0.026354166666666668 41.66
0.026944444444444444 41.71
0.0275 41.64
0.02802083333333333 41.72
0.0290625 41.85
0.029652777777777778 41.84
0.03107638888888889 41.88
0.03204861111111111 41.94
0.03302083333333333 41.98
0.034375 41.96
0.035590277777777776 41.99
0.03697916666666667 42.02
0.03829861111111111 42.03
0.03951388888888889 42.06
0.0403125 42.04
0.041666666666666664 42.06
0.04236111111111111 42.04
