0.03878472222222222 47.73
0.03878472222222222 47.73
0.03878472222222222 47.73
0.03878472222222222 47.73
0.03878472222222222 47.73
0.03878472222222222 47.73
0.03878472222222222 47.73
0.03878472222222222 47.73
0.03878472222222222 47.73
0.03878472222222222 47.73
0.03878472222222222 47.73
0.03878472222222222 47.73
0.03878472222222222 47.73
0.03878472222222222 47.73
0.03878472222222222 47.73
0.03878472222222222 47.73
0.03878472222222222 47.73
0.03878472222222222 47.73
0.03878472222222222 47.73
0.03878472222222222 47.73
0.04552083333333334 52.42
0.04552083333333334 52.42
0.04552083333333334 52.42
0.04552083333333334 52.42
0.04552083333333334 52.42
0.04552083333333334 52.42
0.04552083333333334 52.42
0.04552083333333334 52.42
0.04552083333333334 52.42
0.04552083333333334 52.42
0.04552083333333334 52.42
0.04552083333333334 52.42
0.04552083333333334 52.42
0.04552083333333334 52.42
0.04552083333333334 52.42
0.04552083333333334 52.42
0.04552083333333334 52.42
0.04552083333333334 52.42
0.04552083333333334 52.42
0.04552083333333334 52.42
0.0528125 58.32
0.0528125 58.32
0.0528125 58.32
0.0528125 58.32
0.0528125 58.32
0.0528125 58.32
0.0528125 58.32
0.0528125 58.32
0.0528125 58.32
0.0528125 58.32
0.0528125 58.32
0.0528125 58.32
0.0528125 58.32
0.0528125 58.32
0.0528125 58.32
0.0528125 58.32
0.0528125 58.32
0.0528125 58.32
0.0528125 58.32
0.0528125 58.32
0.06229166666666667 63.18
0.06229166666666667 63.18
0.06229166666666667 63.18
0.06229166666666667 63.18
0.06229166666666667 63.18
0.06229166666666667 63.18
0.06229166666666667 63.18
0.06229166666666667 63.18
0.06229166666666667 63.18
0.06229166666666667 63.18
0.06229166666666667 63.18
0.06229166666666667 63.18
0.06229166666666667 63.18
0.06229166666666667 63.18
0.06229166666666667 63.18
0.06229166666666667 63.18
0.06229166666666667 63.18
0.06229166666666667 63.18
0.06229166666666667 63.18
0.06229166666666667 63.18
0.0714236111111111 67.52
0.0714236111111111 67.52
0.0714236111111111 67.52
0.0714236111111111 67.52
0.0714236111111111 67.52
0.0714236111111111 67.52
0.0714236111111111 67.52
0.0714236111111111 67.52
0.0714236111111111 67.52
0.0714236111111111 67.52
0.0714236111111111 67.52
0.0714236111111111 67.52
0.0714236111111111 67.52
0.0714236111111111 67.52
0.0714236111111111 67.52
0.0714236111111111 67.52
0.0714236111111111 67.52
0.0714236111111111 67.52
0.0714236111111111 67.52
0.0714236111111111 67.52
0.07989583333333333 99.0
