0.010416666666666666 30.26
0.011909722222222223 31.96
0.012916666666666667 32.39
0.013472222222222222 32.71
0.014097222222222223 33.24
0.014826388888888889 33.55
0.015208333333333334 33.82
0.015520833333333333 34.12
0.01607638888888889 34.24
0.01638888888888889 34.34
0.016944444444444446 34.56
0.017152777777777777 34.68
0.0171875 34.87
0.017951388888888888 34.89
0.01826388888888889 35.1
0.01857638888888889 35.22
0.01892361111111111 35.47
0.019131944444444444 35.69
0.01934027777777778 35.62
0.019756944444444445 35.76
0.01972222222222222 36.0
0.02020833333333333 36.25
0.020625 36.27
0.020590277777777777 36.55
0.020729166666666667 36.61
0.0209375 36.61
0.021145833333333332 36.65
0.021597222222222223 36.8
0.021979166666666668 36.86
0.0221875 36.96
0.022256944444444444 37.01
0.022534722222222223 37.07
0.023020833333333334 37.1
0.023333333333333334 37.23
0.023506944444444445 37.28
0.02378472222222222 37.3
0.02388888888888889 37.31
0.024444444444444446 37.41
0.024930555555555556 37.48
0.025208333333333333 37.59
0.025277777777777777 37.77
0.025277777777777777 37.77
0.025555555555555557 37.7
0.025868055555555554 37.84
0.02607638888888889 37.81
0.026284722222222223 37.96
0.02652777777777778 37.93
0.026770833333333334 38.05
0.02684027777777778 37.99
0.027256944444444445 38.13
0.02763888888888889 38.16
0.027430555555555555 38.21
0.02763888888888889 38.21
0.027604166666666666 38.23
0.027881944444444445 38.33
0.028402777777777777 38.22
0.028402777777777777 38.28
0.028402777777777777 38.31
0.028993055555555557 38.41
0.028993055555555557 38.41
0.029305555555555557 38.44
0.029479166666666667 38.49
0.029652777777777778 38.46
0.029791666666666668 38.51
0.030034722222222223 38.62
0.03027777777777778 38.65
0.03048611111111111 38.56
0.030868055555555555 38.69
0.030868055555555555 38.69
0.031145833333333334 38.62
0.031145833333333334 38.62
0.03166666666666667 38.7
0.03173611111111111 38.76
0.03211805555555555 38.86
0.03229166666666667 38.87
0.03243055555555555 38.82
0.03302083333333333 38.94
0.034305555555555554 39.11
0.034826388888888886 39.13
0.035798611111111114 39.24
0.03642361111111111 39.19
0.0375 39.24
0.03864583333333333 39.34
0.03888888888888889 39.36
0.03958333333333333 39.41
0.041041666666666664 39.44
0.041979166666666665 39.52
0.042777777777777776 39.57
0.04402777777777778 39.61
0.04611111111111111 39.63
0.04822916666666666 39.64
0.04954861111111111 39.7
0.051215277777777776 39.75
0.05361111111111111 39.79
0.05475694444444444 39.81
0.05677083333333333 39.82
0.058958333333333335 39.86
0.061875 39.87
0.0636111111111111 39.86
0.06524305555555555 39.88
0.066875 39.87
