0.01173611111111111 29.57
0.01423611111111111 31.21
0.015347222222222222 31.9
0.016458333333333332 32.36
0.017361111111111112 32.79
0.017847222222222223 33.14
0.018472222222222223 33.44
0.01902777777777778 33.44
0.019270833333333334 33.67
0.01982638888888889 33.96
0.0203125 34.1
0.02065972222222222 34.35
0.021041666666666667 34.52
0.021388888888888888 34.6
0.021597222222222223 34.92
0.021909722222222223 35.12
0.022152777777777778 35.12
0.022430555555555554 35.34
0.02263888888888889 35.46
0.023020833333333334 35.46
0.023333333333333334 35.65
0.023819444444444445 35.63
0.02375 36.03
0.02409722222222222 36.19
0.024305555555555556 36.16
0.024791666666666667 36.32
0.025104166666666667 36.36
0.025069444444444443 36.35
0.025520833333333333 36.46
0.025972222222222223 36.62
0.02621527777777778 36.74
0.026770833333333334 36.9
0.02715277777777778 36.83
0.0278125 37.04
0.02798611111111111 37.1
0.02815972222222222 37.16
0.02826388888888889 37.24
0.028645833333333332 37.36
0.0290625 37.54
0.029479166666666667 37.48
0.029618055555555557 37.46
0.029618055555555557 37.52
0.030243055555555554 37.69
0.03027777777777778 37.75
0.03079861111111111 37.81
0.030972222222222224 37.8
0.03111111111111111 37.79
0.03149305555555556 38.04
0.03163194444444444 38.06
0.03173611111111111 38.12
0.03211805555555555 38.08
0.03253472222222222 38.21
0.03253472222222222 38.16
0.03270833333333333 38.28
0.03333333333333333 38.33
0.03350694444444444 38.21
0.03364583333333333 38.24
0.03364583333333333 38.31
0.03388888888888889 38.31
0.03423611111111111 38.41
0.034270833333333334 38.38
0.03454861111111111 38.42
0.0346875 38.37
0.035 38.61
0.035451388888888886 38.65
0.035381944444444445 38.58
0.036145833333333335 38.63
0.03621527777777778 38.65
0.03638888888888889 38.67
0.036458333333333336 38.68
0.03697916666666667 38.75
0.03725694444444445 38.89
0.03743055555555556 38.97
0.03756944444444445 38.99
0.03774305555555556 38.93
0.03777777777777778 39.03
0.03881944444444444 39.14
0.03947916666666667 39.2
0.04055555555555555 39.18
0.041875 39.29
0.042673611111111114 39.29
0.043298611111111114 39.38
0.04451388888888889 39.45
0.04510416666666667 39.43
0.04666666666666667 39.58
0.0475 39.6
0.04892361111111111 39.64
0.049895833333333334 39.71
0.05173611111111111 39.75
0.05329861111111111 39.8
0.05506944444444444 39.84
0.05614583333333333 39.95
0.0578125 39.97
0.06041666666666667 40.04
0.06243055555555556 40.01
0.06451388888888888 40.07
0.068125 40.08
0.0703125 40.1
0.07232638888888888 40.08
0.07663194444444445 40.11
0.07704861111111111 40.1
