0.012013888888888888 29.68
0.014270833333333333 31.6
0.015277777777777777 32.18
0.01597222222222222 32.4
0.016770833333333332 32.66
0.01704861111111111 33.02
0.017361111111111112 33.09
0.018055555555555554 33.31
0.01840277777777778 33.45
0.018958333333333334 33.58
0.01940972222222222 33.84
0.01972222222222222 34.0
0.020243055555555556 34.1
0.020590277777777777 34.29
0.020972222222222222 34.4
0.021284722222222222 34.53
0.021631944444444443 34.74
0.021875 34.94
0.0221875 34.92
0.02232638888888889 34.92
0.02236111111111111 35.34
0.023125 35.37
0.02326388888888889 35.57
0.023819444444444445 35.54
0.023958333333333335 35.64
0.024270833333333332 35.8
0.024756944444444446 35.93
0.025069444444444443 36.06
0.0253125 36.07
0.025555555555555557 36.28
0.025729166666666668 36.34
0.02652777777777778 36.51
0.026493055555555554 36.51
0.026979166666666665 36.63
0.027256944444444445 36.8
0.027777777777777776 36.83
0.027708333333333335 36.86
0.028090277777777777 36.91
0.028541666666666667 37.04
0.028819444444444446 37.15
0.029236111111111112 37.18
0.029201388888888888 37.18
0.029548611111111112 37.31
0.03 37.39
0.030208333333333334 37.36
0.030555555555555555 37.56
0.030659722222222224 37.54
0.031041666666666665 37.66
0.03121527777777778 37.72
0.03166666666666667 37.72
0.03180555555555555 37.77
0.031875 37.81
0.03225694444444444 37.85
0.03222222222222222 37.83
0.03246527777777778 37.84
0.03288194444444444 37.9
0.03288194444444444 37.9
0.033229166666666664 37.89
0.03357638888888889 38.02
0.03361111111111111 38.03
0.03392361111111111 38.12
0.0340625 38.19
0.034166666666666665 38.26
0.034444444444444444 38.17
0.034826388888888886 38.2
0.034930555555555555 38.22
0.035277777777777776 38.24
0.035833333333333335 38.35
0.035833333333333335 38.35
0.036180555555555556 38.37
0.036180555555555556 38.37
0.03673611111111111 38.5
0.036944444444444446 38.57
0.03725694444444445 38.58
0.0375 38.63
0.0378125 38.59
0.03840277777777778 38.68
0.039375 38.77
0.04013888888888889 38.82
0.04111111111111111 38.92
0.042118055555555554 39.01
0.043090277777777776 39.04
0.04434027777777778 39.11
0.04496527777777778 39.16
0.04583333333333333 39.14
0.04756944444444444 39.18
0.04902777777777778 39.22
0.049756944444444444 39.34
0.051631944444444446 39.38
0.05274305555555556 39.37
0.05486111111111111 39.41
0.05684027777777778 39.51
0.058402777777777776 39.5
0.06135416666666667 39.59
0.06322916666666667 39.56
0.06618055555555556 39.61
0.06788194444444444 39.61
0.07253472222222222 39.65
0.07430555555555556 39.63
0.0771875 39.67
0.0790625 39.65
