0.08732638888888888 99.0 0
0.08732638888888888 99.0 1
0.08732638888888888 99.0 2
0.08732638888888888 99.0 3
0.08732638888888888 99.0 4
0.08732638888888888 99.0 5
0.08732638888888888 99.0 6
0.08732638888888888 99.0 7
0.08732638888888888 99.0 8
0.08732638888888888 99.0 9
0.08732638888888888 99.0 10
0.08732638888888888 99.0 11
0.08732638888888888 99.0 12
0.08732638888888888 99.0 13
0.08732638888888888 99.0 14
0.08732638888888888 99.0 15
0.08732638888888888 99.0 16
0.08732638888888888 99.0 17
0.08732638888888888 99.0 18
0.08732638888888888 99.0 19
0.08732638888888888 99.0 20
0.08732638888888888 99.0 21
0.08732638888888888 99.0 22
0.08732638888888888 99.0 23
0.08732638888888888 99.0 24
0.08732638888888888 99.0 25
0.08479166666666667 99.0 26
0.08479166666666667 99.0 27
0.08479166666666667 99.0 28
0.08479166666666667 99.0 29
0.08479166666666667 99.0 30
0.08479166666666667 99.0 31
0.08649305555555556 99.0 32
0.08649305555555556 99.0 33
0.08649305555555556 99.0 34
0.08652777777777777 99.0 35
0.08652777777777777 99.0 36
0.08652777777777777 99.0 37
0.08652777777777777 99.0 38
0.08652777777777777 99.0 39
0.08652777777777777 99.0 40
0.08652777777777777 99.0 41
0.08652777777777777 99.0 42
0.08652777777777777 99.0 43
0.08652777777777777 99.0 44
0.08652777777777777 99.0 45
0.08652777777777777 99.0 46
0.08652777777777777 99.0 47
0.08652777777777777 99.0 48
0.08652777777777777 99.0 49
0.08652777777777777 99.0 50
0.08652777777777777 99.0 52
0.08645833333333333 99.0 54
0.08649305555555556 99.0 56
0.08649305555555556 99.0 58
0.08659722222222223 99.0 60
0.08659722222222223 99.0 62
0.08659722222222223 99.0 64
0.08649305555555556 99.0 66
0.08670138888888888 99.0 68
0.08670138888888888 99.0 70
0.08670138888888888 99.0 72
0.08670138888888888 99.0 74
0.08670138888888888 99.0 76
0.08670138888888888 99.0 78
0.08649305555555556 99.0 80
0.08649305555555556 99.0 82
0.08649305555555556 99.0 84
0.08649305555555556 99.0 86
0.08649305555555556 99.0 88
0.08649305555555556 99.0 90
0.08649305555555556 99.0 92
0.08649305555555556 99.0 94
0.08649305555555556 99.0 96
0.08649305555555556 99.0 98
0.08454861111111112 99.0 100
