0.1751736111111111 99.0 0
0.1751736111111111 99.0 1
0.1751736111111111 99.0 2
0.1751736111111111 99.0 3
0.1751736111111111 99.0 4
0.1751736111111111 99.0 5
0.1751736111111111 99.0 6
0.1751736111111111 99.0 7
0.1751736111111111 99.0 8
0.1751736111111111 99.0 9
0.1751736111111111 99.0 10
0.1751736111111111 99.0 11
0.17510416666666667 99.0 12
0.17510416666666667 99.0 13
0.17510416666666667 99.0 14
0.17510416666666667 99.0 15
0.17555555555555555 99.0 16
0.17555555555555555 99.0 17
0.17555555555555555 99.0 18
0.17555555555555555 99.0 19
0.1753472222222222 99.0 20
0.1753472222222222 99.0 21
0.1753472222222222 99.0 22
0.1753125 99.0 23
0.1753125 99.0 24
0.1634722222222222 99.0 25
0.16677083333333334 99.0 26
0.16677083333333334 99.0 27
0.16690972222222222 99.0 28
0.16690972222222222 99.0 29
0.16666666666666666 99.0 30
0.16666666666666666 99.0 31
0.16663194444444446 99.0 32
0.16663194444444446 99.0 33
0.16670138888888889 99.0 34
0.16670138888888889 99.0 35
0.16677083333333334 99.0 36
0.16677083333333334 99.0 37
0.16690972222222222 99.0 38
0.16690972222222222 99.0 39
0.16684027777777777 99.0 40
0.16677083333333334 99.0 41
0.16690972222222222 99.0 42
0.16694444444444445 99.0 43
0.16690972222222222 99.0 44
0.16690972222222222 99.0 45
0.16690972222222222 99.0 46
0.16694444444444445 99.0 47
0.16697916666666668 99.0 48
0.16697916666666668 99.0 49
0.16711805555555556 99.0 50
0.16555555555555557 99.0 52
0.16552083333333334 99.0 54
0.165625 99.0 56
0.165625 99.0 58
0.165625 99.0 60
0.165625 99.0 62
0.165625 99.0 64
0.16576388888888888 99.0 66
0.16565972222222222 99.0 68
0.16569444444444445 99.0 70
0.16569444444444445 99.0 72
0.165625 99.0 74
0.16555555555555557 99.0 76
0.16552083333333334 99.0 78
0.16555555555555557 99.0 80
0.16555555555555557 99.0 82
0.16555555555555557 99.0 84
0.16545138888888888 99.0 86
0.16545138888888888 99.0 88
0.16545138888888888 99.0 90
0.16545138888888888 99.0 92
0.16545138888888888 99.0 94
0.16545138888888888 99.0 96
0.16545138888888888 99.0 98
0.16461805555555556 99.0 100
