0.011770833333333333 29.86
0.014305555555555556 31.55
0.014895833333333334 31.86
0.01625 32.57
0.0171875 32.81
0.017638888888888888 33.12
0.018229166666666668 33.31
0.018472222222222223 33.44
0.01888888888888889 33.71
0.019756944444444445 33.86
0.01986111111111111 34.16
0.020833333333333332 34.42
0.021006944444444446 34.49
0.021423611111111112 34.64
0.021666666666666667 34.8
0.021944444444444444 35.09
0.022291666666666668 35.23
0.02263888888888889 35.28
0.022916666666666665 35.51
0.02347222222222222 35.53
0.02378472222222222 35.75
0.024131944444444445 35.82
0.024166666666666666 36.02
0.024583333333333332 36.17
0.02486111111111111 36.23
0.024930555555555556 36.23
0.025347222222222222 36.26
0.025694444444444443 36.5
0.02607638888888889 36.52
0.02670138888888889 36.51
0.026909722222222224 36.71
0.0275 36.95
0.02753472222222222 36.96
0.028194444444444446 37.09
0.028125 37.1
0.028402777777777777 37.18
0.029097222222222222 37.4
0.029236111111111112 37.33
0.029618055555555557 37.53
0.030034722222222223 37.52
0.0303125 37.64
0.0303125 37.64
0.030555555555555555 37.67
0.03107638888888889 37.73
0.03145833333333333 37.73
0.03152777777777778 37.77
0.03180555555555555 37.82
0.03194444444444444 37.87
0.0321875 37.9
0.0325 37.92
0.0328125 37.98
0.03284722222222222 38.09
0.03305555555555555 38.13
0.03309027777777778 38.12
0.03361111111111111 38.22
0.034027777777777775 38.21
0.034027777777777775 38.21
0.034270833333333334 38.2
0.034930555555555555 38.42
0.034965277777777776 38.41
0.035138888888888886 38.39
0.035590277777777776 38.48
0.03576388888888889 38.5
0.036006944444444446 38.52
0.03642361111111111 38.54
0.036458333333333336 38.53
0.036944444444444446 38.61
0.03736111111111111 38.63
0.03736111111111111 38.63
0.03770833333333334 38.68
0.03774305555555556 38.69
0.03809027777777778 38.89
0.03829861111111111 38.77
0.03833333333333333 38.75
0.03850694444444445 38.88
0.03899305555555556 38.9
0.03961805555555555 38.96
0.04083333333333333 39.03
0.041875 39.07
0.042465277777777775 39.14
0.043784722222222225 39.26
0.044270833333333336 39.23
0.0453125 39.45
0.04638888888888889 39.51
0.04767361111111111 39.52
0.04833333333333333 39.5
0.049895833333333334 39.55
0.05201388888888889 39.7
0.05309027777777778 39.71
0.055 39.81
0.05618055555555555 39.77
0.058229166666666665 39.87
0.06 39.9
0.06232638888888889 39.93
0.06472222222222222 39.97
0.06722222222222222 39.99
0.06979166666666667 40.01
0.074375 40.02
0.07684027777777777 40.03
0.0796875 40.05
0.0803125 40.03
