0.00829861111111111 31.73
0.009548611111111112 33.6
0.01 34.21
0.010520833333333333 34.67
0.010902777777777779 34.77
0.011354166666666667 34.83
0.0115625 34.94
0.011770833333333333 35.25
0.012361111111111111 35.33
0.012534722222222221 35.42
0.012743055555555556 35.61
0.012986111111111111 35.74
0.013159722222222222 35.9
0.01326388888888889 36.14
0.01357638888888889 36.22
0.013993055555555555 36.4
0.014270833333333333 36.59
0.014444444444444444 36.69
0.014652777777777778 36.86
0.0146875 36.87
0.015 37.11
0.0153125 37.4
0.015243055555555555 37.57
0.015243055555555555 37.62
0.015625 37.75
0.01579861111111111 37.95
0.016006944444444445 38.02
0.016215277777777776 38.06
0.016319444444444445 38.12
0.01659722222222222 38.14
0.016666666666666666 38.26
0.016909722222222222 38.42
0.017118055555555556 38.62
0.017291666666666667 38.54
0.017465277777777777 38.77
0.017569444444444443 38.82
0.018090277777777778 38.94
0.018020833333333333 39.04
0.018298611111111113 39.18
0.018680555555555554 39.31
0.018784722222222223 39.37
0.018784722222222223 39.37
0.018993055555555555 39.34
0.019166666666666665 39.39
0.01940972222222222 39.43
0.019583333333333335 39.53
0.01972222222222222 39.52
0.019756944444444445 39.46
0.02003472222222222 39.51
0.02020833333333333 39.62
0.020381944444444446 39.59
0.020520833333333332 39.74
0.020625 39.73
0.020763888888888887 39.72
0.020902777777777777 39.73
0.021180555555555557 39.79
0.021215277777777777 39.77
0.021319444444444443 39.79
0.021666666666666667 40.0
0.021666666666666667 40.0
0.021875 39.94
0.022152777777777778 40.01
0.022152777777777778 40.01
0.022291666666666668 40.06
0.022395833333333334 40.1
0.02246527777777778 40.09
0.0225 40.2
0.022847222222222224 40.19
0.023020833333333334 40.19
0.023159722222222224 40.25
0.023333333333333334 40.35
0.023506944444444445 40.44
0.02388888888888889 40.47
0.02388888888888889 40.47
0.024375 40.52
0.024375 40.52
0.025069444444444443 40.53
0.025486111111111112 40.59
0.026111111111111113 40.63
0.02670138888888889 40.79
0.027708333333333335 40.88
0.028125 40.89
0.028819444444444446 40.88
0.029548611111111112 40.95
0.0303125 41.0
0.03090277777777778 41.12
0.03211805555555555 41.19
0.03263888888888889 41.2
0.03378472222222222 41.37
0.034270833333333334 41.25
0.035347222222222224 41.28
0.03704861111111111 41.35
0.03826388888888889 41.4
0.04017361111111111 41.47
0.04145833333333333 41.48
0.043055555555555555 41.47
0.04434027777777778 41.51
0.04708333333333333 41.52
0.04805555555555555 41.51
0.04958333333333333 41.55
0.050520833333333334 41.53
