0.10368055555555555 41.66
0.10368055555555555 41.66
0.10368055555555555 41.66
0.10368055555555555 41.66
0.10368055555555555 41.66
0.10368055555555555 41.66
0.10368055555555555 41.66
0.10368055555555555 41.66
0.10368055555555555 41.66
0.10368055555555555 41.66
0.10368055555555555 41.66
0.10368055555555555 41.66
0.10368055555555555 41.66
0.10368055555555555 41.66
0.10368055555555555 41.66
0.10368055555555555 41.66
0.10368055555555555 41.66
0.10368055555555555 41.66
0.10368055555555555 41.66
0.10368055555555555 41.66
0.12059027777777778 46.01
0.12059027777777778 46.01
0.12059027777777778 46.01
0.12059027777777778 46.01
0.12059027777777778 46.01
0.12059027777777778 46.01
0.12059027777777778 46.01
0.12059027777777778 46.01
0.12059027777777778 46.01
0.12059027777777778 46.01
0.12059027777777778 46.01
0.12059027777777778 46.01
0.12059027777777778 46.01
0.12059027777777778 46.01
0.12059027777777778 46.01
0.12059027777777778 46.01
0.12059027777777778 46.01
0.12059027777777778 46.01
0.12059027777777778 46.01
0.12059027777777778 46.01
0.14729166666666665 51.84
0.14729166666666665 51.84
0.14729166666666665 51.84
0.14729166666666665 51.84
0.14729166666666665 51.84
0.14729166666666665 51.84
0.14729166666666665 51.84
0.14729166666666665 51.84
0.14729166666666665 51.84
0.14729166666666665 51.84
0.14729166666666665 51.84
0.14729166666666665 51.84
0.14729166666666665 51.84
0.14729166666666665 51.84
0.14729166666666665 51.84
0.14729166666666665 51.84
0.14729166666666665 51.84
0.14729166666666665 51.84
0.14729166666666665 51.84
0.14729166666666665 51.84
0.1778472222222222 56.78
0.1778472222222222 56.78
0.1778472222222222 56.78
0.1778472222222222 56.78
0.1778472222222222 56.78
0.1778472222222222 56.78
0.1778472222222222 56.78
0.1778472222222222 56.78
0.1778472222222222 56.78
0.1778472222222222 56.78
0.1778472222222222 56.78
0.1778472222222222 56.78
0.1778472222222222 56.78
0.1778472222222222 56.78
0.1778472222222222 56.78
0.1778472222222222 56.78
0.1778472222222222 56.78
0.1778472222222222 56.78
0.1778472222222222 56.78
0.1778472222222222 56.78
0.2046875 60.86
0.2046875 60.86
0.2046875 60.86
0.2046875 60.86
0.2046875 60.86
0.2046875 60.86
0.2046875 60.86
0.2046875 60.86
0.2046875 60.86
0.2046875 60.86
0.2046875 60.86
0.2046875 60.86
0.2046875 60.86
0.2046875 60.86
0.2046875 60.86
0.2046875 60.86
0.2046875 60.86
0.2046875 60.86
0.2046875 60.86
0.2046875 60.86
0.25149305555555557 99.0
