0.006736111111111111 33.8
0.007256944444444444 35.41
0.007465277777777778 35.64
0.007743055555555556 35.89
0.008055555555555555 36.33
0.008194444444444445 36.34
0.008402777777777778 36.55
0.00875 36.57
0.008819444444444444 36.72
0.009166666666666667 36.81
0.009340277777777777 37.06
0.009444444444444445 36.89
0.009618055555555555 37.06
0.009930555555555555 37.32
0.009930555555555555 37.53
0.010138888888888888 37.59
0.010416666666666666 37.76
0.010381944444444444 38.04
0.010555555555555556 38.01
0.010625 38.2
0.010868055555555556 38.55
0.011180555555555555 38.4
0.011180555555555555 38.77
0.011354166666666667 38.86
0.011041666666666667 39.04
0.01125 39.18
0.01125 39.27
0.011423611111111112 39.43
0.01138888888888889 39.49
0.01170138888888889 39.64
0.011875 39.95
0.012118055555555556 40.04
0.0121875 40.18
0.012395833333333333 40.28
0.012569444444444444 40.29
0.012604166666666666 40.3
0.012673611111111111 40.32
0.012881944444444444 40.41
0.012986111111111111 40.58
0.013055555555555556 40.67
0.013402777777777777 40.79
0.013333333333333334 40.81
0.013541666666666667 40.89
0.013680555555555555 40.89
0.013819444444444445 41.02
0.014027777777777778 41.08
0.014131944444444445 41.08
0.014201388888888888 41.2
0.014270833333333333 41.13
0.014375 41.14
0.014444444444444444 41.14
0.014548611111111111 41.18
0.014618055555555556 41.25
0.014756944444444444 41.26
0.014756944444444444 41.28
0.014930555555555556 41.35
0.014930555555555556 41.36
0.015104166666666667 41.41
0.015173611111111112 41.41
0.015208333333333334 41.4
0.015347222222222222 41.48
0.015486111111111112 41.54
0.015486111111111112 41.53
0.015694444444444445 41.72
0.015868055555555555 41.64
0.015902777777777776 41.68
0.01597222222222222 41.74
0.016145833333333335 41.66
0.016145833333333335 41.66
0.01642361111111111 41.86
0.01638888888888889 41.92
0.016666666666666666 41.94
0.016840277777777777 42.04
0.016840277777777777 42.04
0.01704861111111111 42.03
0.017152777777777777 42.05
0.017395833333333333 42.13
0.017847222222222223 42.21
0.01840277777777778 42.23
0.01875 42.28
0.019166666666666665 42.37
0.019479166666666665 42.4
0.02013888888888889 42.53
0.02065972222222222 42.56
0.021284722222222222 42.62
0.021597222222222223 42.67
0.022118055555555554 42.7
0.022604166666666668 42.72
0.02340277777777778 42.78
0.02392361111111111 42.87
0.024930555555555556 42.88
0.025555555555555557 42.88
0.02670138888888889 42.94
0.028055555555555556 43.03
0.029166666666666667 43.02
0.029895833333333333 43.03
0.031145833333333334 43.06
0.03243055555555555 43.08
0.03333333333333333 43.06
0.034444444444444444 43.09
0.035277777777777776 43.07
