0.03920138888888889 47.6
0.03920138888888889 47.6
0.03920138888888889 47.6
0.03920138888888889 47.6
0.03920138888888889 47.6
0.03920138888888889 47.6
0.03920138888888889 47.6
0.03920138888888889 47.6
0.03920138888888889 47.6
0.03920138888888889 47.6
0.03920138888888889 47.6
0.03920138888888889 47.6
0.03920138888888889 47.6
0.03920138888888889 47.6
0.03920138888888889 47.6
0.03920138888888889 47.6
0.03920138888888889 47.6
0.03920138888888889 47.6
0.03920138888888889 47.6
0.03920138888888889 47.6
0.04579861111111111 52.32
0.04579861111111111 52.32
0.04579861111111111 52.32
0.04579861111111111 52.32
0.04579861111111111 52.32
0.04579861111111111 52.32
0.04579861111111111 52.32
0.04579861111111111 52.32
0.04579861111111111 52.32
0.04579861111111111 52.32
0.04579861111111111 52.32
0.04579861111111111 52.32
0.04579861111111111 52.32
0.04579861111111111 52.32
0.04579861111111111 52.32
0.04579861111111111 52.32
0.04579861111111111 52.32
0.04579861111111111 52.32
0.04579861111111111 52.32
0.04579861111111111 52.32
0.05402777777777778 58.17
0.05402777777777778 58.17
0.05402777777777778 58.17
0.05402777777777778 58.17
0.05402777777777778 58.17
0.05402777777777778 58.17
0.05402777777777778 58.17
0.05402777777777778 58.17
0.05402777777777778 58.17
0.05402777777777778 58.17
0.05402777777777778 58.17
0.05402777777777778 58.17
0.05402777777777778 58.17
0.05402777777777778 58.17
0.05402777777777778 58.17
0.05402777777777778 58.17
0.05402777777777778 58.17
0.05402777777777778 58.17
0.05402777777777778 58.17
0.05402777777777778 58.17
0.06434027777777777 62.98
0.06434027777777777 62.98
0.06434027777777777 62.98
0.06434027777777777 62.98
0.06434027777777777 62.98
0.06434027777777777 62.98
0.06434027777777777 62.98
0.06434027777777777 62.98
0.06434027777777777 62.98
0.06434027777777777 62.98
0.06434027777777777 62.98
0.06434027777777777 62.98
0.06434027777777777 62.98
0.06434027777777777 62.98
0.06434027777777777 62.98
0.06434027777777777 62.98
0.06434027777777777 62.98
0.06434027777777777 62.98
0.06434027777777777 62.98
0.06434027777777777 62.98
0.0728125 67.37
0.0728125 67.37
0.0728125 67.37
0.0728125 67.37
0.0728125 67.37
0.0728125 67.37
0.0728125 67.37
0.0728125 67.37
0.0728125 67.37
0.0728125 67.37
0.0728125 67.37
0.0728125 67.37
0.0728125 67.37
0.0728125 67.37
0.0728125 67.37
0.0728125 67.37
0.0728125 67.37
0.0728125 67.37
0.0728125 67.37
0.0728125 67.37
0.080625 99.0
