0.03638888888888889 47.83
0.03638888888888889 47.83
0.03638888888888889 47.83
0.03638888888888889 47.83
0.03638888888888889 47.83
0.03638888888888889 47.83
0.03638888888888889 47.83
0.03638888888888889 47.83
0.03638888888888889 47.83
0.03638888888888889 47.83
0.03638888888888889 47.83
0.03638888888888889 47.83
0.03638888888888889 47.83
0.03638888888888889 47.83
0.03638888888888889 47.83
0.03638888888888889 47.83
0.03638888888888889 47.83
0.03638888888888889 47.83
0.03638888888888889 47.83
0.03638888888888889 47.83
0.041875 52.84
0.041875 52.84
0.041875 52.84
0.041875 52.84
0.041875 52.84
0.041875 52.84
0.041875 52.84
0.041875 52.84
0.041875 52.84
0.041875 52.84
0.041875 52.84
0.041875 52.84
0.041875 52.84
0.041875 52.84
0.041875 52.84
0.041875 52.84
0.041875 52.84
0.041875 52.84
0.041875 52.84
0.041875 52.84
0.049895833333333334 58.5
0.049895833333333334 58.5
0.049895833333333334 58.5
0.049895833333333334 58.5
0.049895833333333334 58.5
0.049895833333333334 58.5
0.049895833333333334 58.5
0.049895833333333334 58.5
0.049895833333333334 58.5
0.049895833333333334 58.5
0.049895833333333334 58.5
0.049895833333333334 58.5
0.049895833333333334 58.5
0.049895833333333334 58.5
0.049895833333333334 58.5
0.049895833333333334 58.5
0.049895833333333334 58.5
0.049895833333333334 58.5
0.049895833333333334 58.5
0.049895833333333334 58.5
0.06121527777777778 63.5
0.06121527777777778 63.5
0.06121527777777778 63.5
0.06121527777777778 63.5
0.06121527777777778 63.5
0.06121527777777778 63.5
0.06121527777777778 63.5
0.06121527777777778 63.5
0.06121527777777778 63.5
0.06121527777777778 63.5
0.06121527777777778 63.5
0.06121527777777778 63.5
0.06121527777777778 63.5
0.06121527777777778 63.5
0.06121527777777778 63.5
0.06121527777777778 63.5
0.06121527777777778 63.5
0.06121527777777778 63.5
0.06121527777777778 63.5
0.06121527777777778 63.5
0.06829861111111112 67.86
0.06829861111111112 67.86
0.06829861111111112 67.86
0.06829861111111112 67.86
0.06829861111111112 67.86
0.06829861111111112 67.86
0.06829861111111112 67.86
0.06829861111111112 67.86
0.06829861111111112 67.86
0.06829861111111112 67.86
0.06829861111111112 67.86
0.06829861111111112 67.86
0.06829861111111112 67.86
0.06829861111111112 67.86
0.06829861111111112 67.86
0.06829861111111112 67.86
0.06829861111111112 67.86
0.06829861111111112 67.86
0.06829861111111112 67.86
0.06829861111111112 67.86
0.07760416666666667 99.0
