0.0121875 29.8
0.014861111111111111 31.27
0.015833333333333335 31.94
0.016944444444444446 32.17
0.016979166666666667 32.5
0.017743055555555557 32.87
0.018125 33.02
0.01861111111111111 33.39
0.01934027777777778 33.61
0.019965277777777776 33.72
0.020069444444444445 33.97
0.020555555555555556 34.02
0.021145833333333332 34.21
0.021319444444444443 34.38
0.021597222222222223 34.69
0.022395833333333334 34.7
0.02267361111111111 34.86
0.02298611111111111 35.14
0.02357638888888889 35.28
0.023541666666666666 35.26
0.023715277777777776 35.33
0.024166666666666666 35.38
0.024305555555555556 35.84
0.024756944444444446 35.97
0.0253125 36.03
0.025694444444444443 36.11
0.025694444444444443 36.26
0.026111111111111113 36.31
0.026145833333333333 36.4
0.026909722222222224 36.53
0.02704861111111111 36.63
0.027291666666666665 36.7
0.02763888888888889 36.69
0.02802083333333333 36.82
0.028333333333333332 36.88
0.028576388888888887 37.03
0.0290625 37.12
0.029305555555555557 37.18
0.029861111111111113 37.34
0.029965277777777778 37.38
0.03027777777777778 37.38
0.030416666666666668 37.41
0.03079861111111111 37.52
0.03111111111111111 37.56
0.03142361111111111 37.7
0.03166666666666667 37.61
0.031875 37.66
0.03222222222222222 37.73
0.03246527777777778 37.83
0.03253472222222222 37.81
0.03298611111111111 37.82
0.03329861111111111 37.97
0.033368055555555554 37.96
0.03333333333333333 37.92
0.033715277777777775 38.01
0.03395833333333333 38.05
0.03420138888888889 38.07
0.03423611111111111 38.13
0.034756944444444444 38.16
0.035347222222222224 38.23
0.035416666666666666 38.25
0.035659722222222225 38.28
0.035833333333333335 38.19
0.03621527777777778 38.29
0.036180555555555556 38.31
0.036319444444444446 38.39
0.03638888888888889 38.39
0.03697916666666667 38.51
0.03711805555555556 38.52
0.0371875 38.51
0.03805555555555556 38.54
0.03822916666666667 38.61
0.0384375 38.68
0.03861111111111111 38.67
0.03875 38.72
0.03902777777777778 38.75
0.04006944444444444 38.81
0.040625 38.84
0.041944444444444444 38.93
0.042951388888888886 39.07
0.0434375 39.08
0.04493055555555556 39.15
0.04586805555555556 39.2
0.04690972222222222 39.31
0.04822916666666666 39.3
0.04927083333333333 39.39
0.050243055555555555 39.39
0.051666666666666666 39.46
0.053125 39.57
0.05461805555555556 39.51
0.05684027777777778 39.58
0.058402777777777776 39.66
0.05996527777777778 39.69
0.06288194444444445 39.76
0.06461805555555555 39.75
0.06736111111111111 39.78
0.07034722222222223 39.84
0.073125 39.82
0.07475694444444445 39.82
0.07798611111111112 39.85
0.08003472222222222 39.84
