0.006354166666666667 34.86
0.006944444444444444 36.65
0.007048611111111111 36.84
0.007222222222222222 37.31
0.007395833333333333 37.39
0.007569444444444445 37.44
0.0078125 37.74
0.007916666666666667 37.9
0.008368055555555556 38.11
0.008506944444444444 38.26
0.008576388888888889 38.63
0.0090625 38.44
0.009236111111111112 38.61
0.009305555555555555 39.03
0.009479166666666667 38.95
0.009583333333333333 39.0
0.01017361111111111 39.26
0.010208333333333333 39.51
0.0103125 39.29
0.010520833333333333 39.47
0.010833333333333334 39.7
0.010833333333333334 39.87
0.010590277777777778 40.29
0.0109375 40.56
0.011041666666666667 40.67
0.011458333333333333 40.98
0.011493055555555555 41.05
0.01170138888888889 41.2
0.01170138888888889 41.22
0.011979166666666667 41.32
0.0125 41.5
0.012465277777777778 41.72
0.012708333333333334 41.94
0.012673611111111111 42.06
0.013090277777777777 42.24
0.012986111111111111 42.29
0.01326388888888889 42.49
0.013194444444444444 42.58
0.013645833333333333 42.84
0.01392361111111111 43.23
0.013993055555555555 43.31
0.013993055555555555 43.34
0.01423611111111111 43.31
0.014375 43.57
0.014618055555555556 43.86
0.014756944444444444 44.12
0.014895833333333334 44.1
0.015104166666666667 44.37
0.015069444444444444 44.42
0.015208333333333334 44.67
0.015277777777777777 44.72
0.015243055555555555 44.74
0.015486111111111112 44.96
0.015590277777777778 45.01
0.015625 45.13
0.016006944444444445 45.31
0.016006944444444445 45.31
0.01607638888888889 45.44
0.01611111111111111 45.68
0.016041666666666666 45.66
0.016458333333333332 45.79
0.016631944444444446 45.84
0.01670138888888889 45.94
0.016909722222222222 46.16
0.01704861111111111 46.21
0.017152777777777777 46.25
0.017118055555555556 46.31
0.017222222222222222 46.33
0.017222222222222222 46.33
0.017430555555555557 46.68
0.0175 46.67
0.017638888888888888 46.78
0.018020833333333333 47.0
0.018020833333333333 47.0
0.018333333333333333 47.25
0.018333333333333333 47.25
0.01875 47.69
0.019097222222222224 48.02
0.019583333333333335 48.33
0.02034722222222222 48.91
0.021076388888888888 49.54
0.021215277777777777 49.54
0.021979166666666668 50.28
0.0221875 50.51
0.022847222222222224 51.08
0.023333333333333334 51.55
0.024027777777777776 52.16
0.0246875 52.82
0.025729166666666668 53.38
0.026145833333333333 53.66
0.02753472222222222 54.73
0.02829861111111111 55.43
0.029236111111111112 56.34
0.030625 57.44
0.03152777777777778 57.92
0.03256944444444444 58.69
0.03378472222222222 59.66
0.036145833333333335 61.57
0.0375 62.16
0.04020833333333333 63.85
0.04190972222222222 64.63
