0.04079861111111111 47.56
0.04079861111111111 47.56
0.04079861111111111 47.56
0.04079861111111111 47.56
0.04079861111111111 47.56
0.04079861111111111 47.56
0.04079861111111111 47.56
0.04079861111111111 47.56
0.04079861111111111 47.56
0.04079861111111111 47.56
0.04079861111111111 47.56
0.04079861111111111 47.56
0.04079861111111111 47.56
0.04079861111111111 47.56
0.04079861111111111 47.56
0.04079861111111111 47.56
0.04079861111111111 47.56
0.04079861111111111 47.56
0.04079861111111111 47.56
0.04079861111111111 47.56
0.04732638888888889 52.47
0.04732638888888889 52.47
0.04732638888888889 52.47
0.04732638888888889 52.47
0.04732638888888889 52.47
0.04732638888888889 52.47
0.04732638888888889 52.47
0.04732638888888889 52.47
0.04732638888888889 52.47
0.04732638888888889 52.47
0.04732638888888889 52.47
0.04732638888888889 52.47
0.04732638888888889 52.47
0.04732638888888889 52.47
0.04732638888888889 52.47
0.04732638888888889 52.47
0.04732638888888889 52.47
0.04732638888888889 52.47
0.04732638888888889 52.47
0.04732638888888889 52.47
0.056875 58.06
0.056875 58.06
0.056875 58.06
0.056875 58.06
0.056875 58.06
0.056875 58.06
0.056875 58.06
0.056875 58.06
0.056875 58.06
0.056875 58.06
0.056875 58.06
0.056875 58.06
0.056875 58.06
0.056875 58.06
0.056875 58.06
0.056875 58.06
0.056875 58.06
0.056875 58.06
0.056875 58.06
0.056875 58.06
0.06711805555555556 63.12
0.06711805555555556 63.12
0.06711805555555556 63.12
0.06711805555555556 63.12
0.06711805555555556 63.12
0.06711805555555556 63.12
0.06711805555555556 63.12
0.06711805555555556 63.12
0.06711805555555556 63.12
0.06711805555555556 63.12
0.06711805555555556 63.12
0.06711805555555556 63.12
0.06711805555555556 63.12
0.06711805555555556 63.12
0.06711805555555556 63.12
0.06711805555555556 63.12
0.06711805555555556 63.12
0.06711805555555556 63.12
0.06711805555555556 63.12
0.06711805555555556 63.12
0.07569444444444444 67.28
0.07569444444444444 67.28
0.07569444444444444 67.28
0.07569444444444444 67.28
0.07569444444444444 67.28
0.07569444444444444 67.28
0.07569444444444444 67.28
0.07569444444444444 67.28
0.07569444444444444 67.28
0.07569444444444444 67.28
0.07569444444444444 67.28
0.07569444444444444 67.28
0.07569444444444444 67.28
0.07569444444444444 67.28
0.07569444444444444 67.28
0.07569444444444444 67.28
0.07569444444444444 67.28
0.07569444444444444 67.28
0.07569444444444444 67.28
0.07569444444444444 67.28
0.08423611111111111 99.0
