0.03149305555555556 99.0 0
0.03149305555555556 99.0 1
0.03149305555555556 99.0 2
0.03149305555555556 99.0 3
0.03149305555555556 99.0 4
0.03149305555555556 99.0 5
0.03149305555555556 99.0 6
0.03149305555555556 99.0 7
0.03149305555555556 99.0 8
0.03149305555555556 99.0 9
0.03149305555555556 99.0 10
0.03149305555555556 99.0 11
0.03149305555555556 99.0 12
0.03149305555555556 99.0 13
0.03149305555555556 99.0 14
0.03149305555555556 99.0 15
0.03149305555555556 99.0 16
0.03149305555555556 99.0 17
0.03149305555555556 99.0 18
0.03149305555555556 99.0 19
0.03149305555555556 99.0 20
0.03149305555555556 99.0 21
0.03149305555555556 99.0 22
0.03149305555555556 99.0 23
0.03149305555555556 99.0 24
0.03142361111111111 99.0 25
0.03145833333333333 99.0 26
0.03145833333333333 99.0 27
0.03145833333333333 99.0 28
0.03145833333333333 99.0 29
0.03145833333333333 99.0 30
0.03145833333333333 99.0 31
0.03145833333333333 99.0 32
0.03145833333333333 99.0 33
0.03145833333333333 99.0 34
0.03145833333333333 99.0 35
0.03145833333333333 99.0 36
0.03145833333333333 99.0 37
0.03145833333333333 99.0 38
0.03145833333333333 99.0 39
0.03145833333333333 99.0 40
0.03145833333333333 99.0 41
0.03145833333333333 99.0 42
0.03145833333333333 99.0 43
0.03145833333333333 99.0 44
0.03145833333333333 99.0 45
0.03145833333333333 99.0 46
0.03145833333333333 99.0 47
0.03145833333333333 99.0 48
0.03145833333333333 99.0 49
0.03145833333333333 99.0 50
0.03145833333333333 99.0 52
0.03145833333333333 99.0 54
0.03145833333333333 99.0 56
0.03145833333333333 99.0 58
0.03145833333333333 99.0 60
0.03145833333333333 99.0 62
0.03145833333333333 99.0 64
0.03145833333333333 99.0 66
0.03149305555555556 99.0 68
0.03125 99.0 70
0.03125 99.0 72
0.03149305555555556 99.0 74
0.03149305555555556 99.0 76
0.03149305555555556 99.0 78
0.03149305555555556 99.0 80
0.03149305555555556 99.0 82
0.03152777777777778 99.0 84
0.03152777777777778 99.0 86
0.03152777777777778 99.0 88
0.03152777777777778 99.0 90
0.03149305555555556 99.0 92
0.03149305555555556 99.0 94
0.03149305555555556 99.0 96
0.03149305555555556 99.0 98
0.03149305555555556 99.0 100
