0.011319444444444444 29.2
0.014652777777777778 30.28
0.01628472222222222 30.63
0.017013888888888887 30.88
0.0190625 31.24
0.01965277777777778 31.48
0.021041666666666667 31.69
0.021805555555555557 31.91
0.02263888888888889 32.03
0.02309027777777778 32.18
0.02392361111111111 32.3
0.025034722222222222 32.5
0.025625 32.66
0.02638888888888889 32.88
0.027430555555555555 32.85
0.02815972222222222 33.07
0.029236111111111112 33.2
0.030104166666666668 33.3
0.030034722222222223 33.39
0.03177083333333333 33.47
0.03211805555555555 33.69
0.032916666666666664 33.76
0.033680555555555554 33.76
0.034513888888888886 33.86
0.03576388888888889 34.06
0.03638888888888889 34.16
0.03711805555555556 34.32
0.03829861111111111 34.42
0.03850694444444445 34.43
0.03930555555555556 34.61
0.04038194444444444 34.73
0.04107638888888889 34.86
0.04159722222222222 34.93
0.042986111111111114 35.1
0.043645833333333335 35.12
0.043715277777777777 35.26
0.04597222222222222 35.44
0.045625 35.58
0.04604166666666667 35.56
0.0475 35.7
0.04809027777777778 35.78
0.04951388888888889 35.98
0.050416666666666665 36.08
0.050555555555555555 36.14
0.051284722222222225 36.36
0.05170138888888889 36.38
0.05284722222222222 36.55
0.05368055555555556 36.59
0.05347222222222222 36.6
0.0553125 36.7
0.0553125 36.7
0.05517361111111111 36.77
0.0571875 36.95
0.05736111111111111 36.94
0.058368055555555555 37.05
0.058888888888888886 37.11
0.05982638888888889 37.23
0.06114583333333334 37.34
0.06170138888888889 37.38
0.06090277777777778 37.39
0.06215277777777778 37.53
0.06371527777777777 37.65
0.06465277777777778 37.66
0.06475694444444445 37.77
0.06493055555555556 37.88
0.06628472222222222 37.86
0.0667013888888889 37.91
0.06746527777777778 38.05
0.06850694444444444 38.13
0.06930555555555555 38.23
0.06930555555555555 38.23
0.07215277777777777 38.39
0.07173611111111111 38.37
0.07270833333333333 38.49
0.073125 38.54
0.0753125 38.64
0.07670138888888889 38.86
0.08149305555555555 39.19
0.08430555555555555 39.31
0.08798611111111111 39.67
0.08934027777777778 39.87
0.09430555555555556 40.19
0.09652777777777778 40.38
0.10256944444444445 40.61
0.10611111111111111 40.91
0.11034722222222222 41.1
0.11395833333333333 41.56
0.12190972222222222 41.88
0.1285763888888889 42.22
0.1370486111111111 42.57
0.1423611111111111 42.94
0.15465277777777778 43.42
0.16072916666666667 43.66
0.1740972222222222 44.13
0.188125 44.59
0.20958333333333334 45.14
0.22753472222222224 45.51
0.23916666666666667 45.81
0.26375 46.04
0.27520833333333333 46.22
0.2796180555555556 46.27
