0.4925 40.6
0.4925 40.6
0.4925 40.6
0.4925 40.6
0.4925 40.6
0.4925 40.6
0.4925 40.6
0.4925 40.6
0.4925 40.6
0.4925 40.6
0.4925 40.6
0.4925 40.6
0.4925 40.6
0.4925 40.6
0.4925 40.6
0.4925 40.6
0.4925 40.6
0.4925 40.6
0.4925 40.6
0.4925 40.6
0.49444444444444446 43.6
0.49444444444444446 43.6
0.49444444444444446 43.6
0.49444444444444446 43.6
0.49444444444444446 43.6
0.49444444444444446 43.6
0.49444444444444446 43.6
0.49444444444444446 43.6
0.49444444444444446 43.6
0.49444444444444446 43.6
0.49444444444444446 43.6
0.49444444444444446 43.6
0.49444444444444446 43.6
0.49444444444444446 43.6
0.49444444444444446 43.6
0.49444444444444446 43.6
0.49444444444444446 43.6
0.49444444444444446 43.6
0.49444444444444446 43.6
0.49444444444444446 43.6
0.49767361111111114 46.96
0.49767361111111114 46.96
0.49767361111111114 46.96
0.49767361111111114 46.96
0.49767361111111114 46.96
0.49767361111111114 46.96
0.49767361111111114 46.96
0.49767361111111114 46.96
0.49767361111111114 46.96
0.49767361111111114 46.96
0.49767361111111114 46.96
0.49767361111111114 46.96
0.49767361111111114 46.96
0.49767361111111114 46.96
0.49767361111111114 46.96
0.49767361111111114 46.96
0.49767361111111114 46.96
0.49767361111111114 46.96
0.49767361111111114 46.96
0.49767361111111114 46.96
0.5165625 50.98
0.5165625 50.98
0.5165625 50.98
0.5165625 50.98
0.5165625 50.98
0.5165625 50.98
0.5165625 50.98
0.5165625 50.98
0.5165625 50.98
0.5165625 50.98
0.5165625 50.98
0.5165625 50.98
0.5165625 50.98
0.5165625 50.98
0.5165625 50.98
0.5165625 50.98
0.5165625 50.98
0.5165625 50.98
0.5165625 50.98
0.5165625 50.98
0.5747916666666667 54.9
0.5747916666666667 54.9
0.5747916666666667 54.9
0.5747916666666667 54.9
0.5747916666666667 54.9
0.5747916666666667 54.9
0.5747916666666667 54.9
0.5747916666666667 54.9
0.5747916666666667 54.9
0.5747916666666667 54.9
0.5747916666666667 54.9
0.5747916666666667 54.9
0.5747916666666667 54.9
0.5747916666666667 54.9
0.5747916666666667 54.9
0.5747916666666667 54.9
0.5747916666666667 54.9
0.5747916666666667 54.9
0.5747916666666667 54.9
0.5747916666666667 54.9
0.7304861111111111 99.0
