0.009270833333333334 30.67
0.010868055555555556 32.36
0.01125 32.7
0.012083333333333333 33.02
0.012430555555555556 33.65
0.012534722222222221 33.78
0.012951388888888889 34.04
0.013159722222222222 34.16
0.013541666666666667 34.34
0.013784722222222223 34.43
0.014305555555555556 34.64
0.014375 34.93
0.014756944444444444 35.08
0.015069444444444444 35.33
0.015381944444444445 35.26
0.01545138888888889 35.49
0.015729166666666666 35.55
0.01628472222222222 35.48
0.016319444444444445 35.76
0.016493055555555556 35.76
0.016458333333333332 35.82
0.016666666666666666 35.93
0.0165625 36.24
0.017152777777777777 36.32
0.017256944444444443 36.49
0.017430555555555557 36.64
0.017638888888888888 36.73
0.017881944444444443 36.88
0.017881944444444443 36.91
0.018125 37.11
0.0184375 37.16
0.018819444444444444 37.19
0.01892361111111111 37.38
0.01923611111111111 37.34
0.01954861111111111 37.34
0.0196875 37.36
0.02013888888888889 37.57
0.020243055555555556 37.6
0.020902777777777777 37.81
0.021215277777777777 37.84
0.021423611111111112 38.0
0.021423611111111112 38.0
0.021597222222222223 38.02
0.021909722222222223 38.17
0.021875 38.17
0.022222222222222223 38.22
0.022291666666666668 38.23
0.0225 38.23
0.022743055555555555 38.36
0.02298611111111111 38.29
0.023125 38.31
0.02326388888888889 38.33
0.023645833333333335 38.46
0.023645833333333335 38.48
0.02378472222222222 38.52
0.02378472222222222 38.53
0.023993055555555556 38.56
0.024270833333333332 38.54
0.024583333333333332 38.69
0.024722222222222222 38.73
0.024791666666666667 38.72
0.025208333333333333 38.65
0.025208333333333333 38.65
0.0253125 38.75
0.025555555555555557 38.74
0.025520833333333333 38.74
0.025763888888888888 38.78
0.025833333333333333 38.8
0.026041666666666668 38.8
0.02638888888888889 38.93
0.02666666666666667 38.98
0.02684027777777778 39.05
0.026944444444444444 39.04
0.027083333333333334 39.07
0.02753472222222222 39.11
0.02767361111111111 39.12
0.028125 39.16
0.028819444444444446 39.3
0.029409722222222223 39.26
0.030243055555555554 39.35
0.03090277777777778 39.49
0.03177083333333333 39.51
0.03253472222222222 39.54
0.03298611111111111 39.53
0.034375 39.64
0.034861111111111114 39.66
0.03576388888888889 39.68
0.03684027777777778 39.78
0.03857638888888889 39.82
0.03934027777777778 39.76
0.040625 39.86
0.04159722222222222 39.9
0.043784722222222225 39.93
0.0459375 40.02
0.04743055555555555 40.02
0.04888888888888889 40.03
0.050486111111111114 40.02
0.05423611111111111 40.05
0.05545138888888889 40.03
0.05732638888888889 40.06
0.058645833333333335 40.04
