0.04097222222222222 47.68
0.04097222222222222 47.68
0.04097222222222222 47.68
0.04097222222222222 47.68
0.04097222222222222 47.68
0.04097222222222222 47.68
0.04097222222222222 47.68
0.04097222222222222 47.68
0.04097222222222222 47.68
0.04097222222222222 47.68
0.04097222222222222 47.68
0.04097222222222222 47.68
0.04097222222222222 47.68
0.04097222222222222 47.68
0.04097222222222222 47.68
0.04097222222222222 47.68
0.04097222222222222 47.68
0.04097222222222222 47.68
0.04097222222222222 47.68
0.04097222222222222 47.68
0.04805555555555555 52.49
0.04805555555555555 52.49
0.04805555555555555 52.49
0.04805555555555555 52.49
0.04805555555555555 52.49
0.04805555555555555 52.49
0.04805555555555555 52.49
0.04805555555555555 52.49
0.04805555555555555 52.49
0.04805555555555555 52.49
0.04805555555555555 52.49
0.04805555555555555 52.49
0.04805555555555555 52.49
0.04805555555555555 52.49
0.04805555555555555 52.49
0.04805555555555555 52.49
0.04805555555555555 52.49
0.04805555555555555 52.49
0.04805555555555555 52.49
0.04805555555555555 52.49
0.055625 58.07
0.055625 58.07
0.055625 58.07
0.055625 58.07
0.055625 58.07
0.055625 58.07
0.055625 58.07
0.055625 58.07
0.055625 58.07
0.055625 58.07
0.055625 58.07
0.055625 58.07
0.055625 58.07
0.055625 58.07
0.055625 58.07
0.055625 58.07
0.055625 58.07
0.055625 58.07
0.055625 58.07
0.055625 58.07
0.06680555555555556 62.95
0.06680555555555556 62.95
0.06680555555555556 62.95
0.06680555555555556 62.95
0.06680555555555556 62.95
0.06680555555555556 62.95
0.06680555555555556 62.95
0.06680555555555556 62.95
0.06680555555555556 62.95
0.06680555555555556 62.95
0.06680555555555556 62.95
0.06680555555555556 62.95
0.06680555555555556 62.95
0.06680555555555556 62.95
0.06680555555555556 62.95
0.06680555555555556 62.95
0.06680555555555556 62.95
0.06680555555555556 62.95
0.06680555555555556 62.95
0.06680555555555556 62.95
0.07520833333333334 67.62
0.07520833333333334 67.62
0.07520833333333334 67.62
0.07520833333333334 67.62
0.07520833333333334 67.62
0.07520833333333334 67.62
0.07520833333333334 67.62
0.07520833333333334 67.62
0.07520833333333334 67.62
0.07520833333333334 67.62
0.07520833333333334 67.62
0.07520833333333334 67.62
0.07520833333333334 67.62
0.07520833333333334 67.62
0.07520833333333334 67.62
0.07520833333333334 67.62
0.07520833333333334 67.62
0.07520833333333334 67.62
0.07520833333333334 67.62
0.07520833333333334 67.62
0.08479166666666667 99.0
