0.08104166666666666 43.74
0.08104166666666666 43.74
0.08104166666666666 43.74
0.08104166666666666 43.74
0.08104166666666666 43.74
0.08104166666666666 43.74
0.08104166666666666 43.74
0.08104166666666666 43.74
0.08104166666666666 43.74
0.08104166666666666 43.74
0.08104166666666666 43.74
0.08104166666666666 43.74
0.08104166666666666 43.74
0.08104166666666666 43.74
0.08104166666666666 43.74
0.08104166666666666 43.74
0.08104166666666666 43.74
0.08104166666666666 43.74
0.08104166666666666 43.74
0.08104166666666666 43.74
0.09048611111111111 48.37
0.09048611111111111 48.37
0.09048611111111111 48.37
0.09048611111111111 48.37
0.09048611111111111 48.37
0.09048611111111111 48.37
0.09048611111111111 48.37
0.09048611111111111 48.37
0.09048611111111111 48.37
0.09048611111111111 48.37
0.09048611111111111 48.37
0.09048611111111111 48.37
0.09048611111111111 48.37
0.09048611111111111 48.37
0.09048611111111111 48.37
0.09048611111111111 48.37
0.09048611111111111 48.37
0.09048611111111111 48.37
0.09048611111111111 48.37
0.09048611111111111 48.37
0.10461805555555556 53.7
0.10461805555555556 53.7
0.10461805555555556 53.7
0.10461805555555556 53.7
0.10461805555555556 53.7
0.10461805555555556 53.7
0.10461805555555556 53.7
0.10461805555555556 53.7
0.10461805555555556 53.7
0.10461805555555556 53.7
0.10461805555555556 53.7
0.10461805555555556 53.7
0.10461805555555556 53.7
0.10461805555555556 53.7
0.10461805555555556 53.7
0.10461805555555556 53.7
0.10461805555555556 53.7
0.10461805555555556 53.7
0.10461805555555556 53.7
0.10461805555555556 53.7
0.1213888888888889 59.01
0.1213888888888889 59.01
0.1213888888888889 59.01
0.1213888888888889 59.01
0.1213888888888889 59.01
0.1213888888888889 59.01
0.1213888888888889 59.01
0.1213888888888889 59.01
0.1213888888888889 59.01
0.1213888888888889 59.01
0.1213888888888889 59.01
0.1213888888888889 59.01
0.1213888888888889 59.01
0.1213888888888889 59.01
0.1213888888888889 59.01
0.1213888888888889 59.01
0.1213888888888889 59.01
0.1213888888888889 59.01
0.1213888888888889 59.01
0.1213888888888889 59.01
0.1379513888888889 62.93
0.1379513888888889 62.93
0.1379513888888889 62.93
0.1379513888888889 62.93
0.1379513888888889 62.93
0.1379513888888889 62.93
0.1379513888888889 62.93
0.1379513888888889 62.93
0.1379513888888889 62.93
0.1379513888888889 62.93
0.1379513888888889 62.93
0.1379513888888889 62.93
0.1379513888888889 62.93
0.1379513888888889 62.93
0.1379513888888889 62.93
0.1379513888888889 62.93
0.1379513888888889 62.93
0.1379513888888889 62.93
0.1379513888888889 62.93
0.1379513888888889 62.93
0.16461805555555556 99.0
