0.22333333333333333 99.0 0
0.22333333333333333 99.0 1
0.22333333333333333 99.0 2
0.22333333333333333 99.0 3
0.22333333333333333 99.0 4
0.22333333333333333 99.0 5
0.22333333333333333 99.0 6
0.22333333333333333 99.0 7
0.22333333333333333 99.0 8
0.22333333333333333 99.0 9
0.22333333333333333 99.0 10
0.22333333333333333 99.0 11
0.22236111111111112 99.0 12
0.22236111111111112 99.0 13
0.22236111111111112 99.0 14
0.22236111111111112 99.0 15
0.22333333333333333 99.0 16
0.22333333333333333 99.0 17
0.22333333333333333 99.0 18
0.22333333333333333 99.0 19
0.22506944444444443 99.0 20
0.22506944444444443 99.0 21
0.22506944444444443 99.0 22
0.22284722222222222 99.0 23
0.22284722222222222 99.0 24
0.21159722222222221 99.0 25
0.20934027777777778 99.0 26
0.20934027777777778 99.0 27
0.21052083333333332 99.0 28
0.21052083333333332 99.0 29
0.21135416666666668 99.0 30
0.21135416666666668 99.0 31
0.2117013888888889 99.0 32
0.2117013888888889 99.0 33
0.21100694444444446 99.0 34
0.21100694444444446 99.0 35
0.21125 99.0 36
0.21125 99.0 37
0.21097222222222223 99.0 38
0.21097222222222223 99.0 39
0.2115277777777778 99.0 40
0.21118055555555557 99.0 41
0.21118055555555557 99.0 42
0.21163194444444444 99.0 43
0.21107638888888888 99.0 44
0.21107638888888888 99.0 45
0.21114583333333334 99.0 46
0.21121527777777777 99.0 47
0.21180555555555555 99.0 48
0.21180555555555555 99.0 49
0.21100694444444446 99.0 50
0.21125 99.0 52
0.21114583333333334 99.0 54
0.21125 99.0 56
0.21107638888888888 99.0 58
0.21166666666666667 99.0 60
0.21138888888888888 99.0 62
0.21149305555555556 99.0 64
0.21229166666666666 99.0 66
0.21097222222222223 99.0 68
0.2115625 99.0 70
0.21159722222222221 99.0 72
0.21121527777777777 99.0 74
0.21138888888888888 99.0 76
0.2121875 99.0 78
0.21149305555555556 99.0 80
0.21145833333333333 99.0 82
0.21128472222222222 99.0 84
0.21131944444444445 99.0 86
0.21131944444444445 99.0 88
0.21173611111111112 99.0 90
0.21166666666666667 99.0 92
0.21194444444444444 99.0 94
0.21138888888888888 99.0 96
0.21204861111111112 99.0 98
0.20902777777777778 99.0 100
