0.04048611111111111 47.36
0.04048611111111111 47.36
0.04048611111111111 47.36
0.04048611111111111 47.36
0.04048611111111111 47.36
0.04048611111111111 47.36
0.04048611111111111 47.36
0.04048611111111111 47.36
0.04048611111111111 47.36
0.04048611111111111 47.36
0.04048611111111111 47.36
0.04048611111111111 47.36
0.04048611111111111 47.36
0.04048611111111111 47.36
0.04048611111111111 47.36
0.04048611111111111 47.36
0.04048611111111111 47.36
0.04048611111111111 47.36
0.04048611111111111 47.36
0.04048611111111111 47.36
0.04711805555555556 52.22
0.04711805555555556 52.22
0.04711805555555556 52.22
0.04711805555555556 52.22
0.04711805555555556 52.22
0.04711805555555556 52.22
0.04711805555555556 52.22
0.04711805555555556 52.22
0.04711805555555556 52.22
0.04711805555555556 52.22
0.04711805555555556 52.22
0.04711805555555556 52.22
0.04711805555555556 52.22
0.04711805555555556 52.22
0.04711805555555556 52.22
0.04711805555555556 52.22
0.04711805555555556 52.22
0.04711805555555556 52.22
0.04711805555555556 52.22
0.04711805555555556 52.22
0.05565972222222222 57.97
0.05565972222222222 57.97
0.05565972222222222 57.97
0.05565972222222222 57.97
0.05565972222222222 57.97
0.05565972222222222 57.97
0.05565972222222222 57.97
0.05565972222222222 57.97
0.05565972222222222 57.97
0.05565972222222222 57.97
0.05565972222222222 57.97
0.05565972222222222 57.97
0.05565972222222222 57.97
0.05565972222222222 57.97
0.05565972222222222 57.97
0.05565972222222222 57.97
0.05565972222222222 57.97
0.05565972222222222 57.97
0.05565972222222222 57.97
0.05565972222222222 57.97
0.06621527777777778 63.0
0.06621527777777778 63.0
0.06621527777777778 63.0
0.06621527777777778 63.0
0.06621527777777778 63.0
0.06621527777777778 63.0
0.06621527777777778 63.0
0.06621527777777778 63.0
0.06621527777777778 63.0
0.06621527777777778 63.0
0.06621527777777778 63.0
0.06621527777777778 63.0
0.06621527777777778 63.0
0.06621527777777778 63.0
0.06621527777777778 63.0
0.06621527777777778 63.0
0.06621527777777778 63.0
0.06621527777777778 63.0
0.06621527777777778 63.0
0.06621527777777778 63.0
0.07375 67.46
0.07375 67.46
0.07375 67.46
0.07375 67.46
0.07375 67.46
0.07375 67.46
0.07375 67.46
0.07375 67.46
0.07375 67.46
0.07375 67.46
0.07375 67.46
0.07375 67.46
0.07375 67.46
0.07375 67.46
0.07375 67.46
0.07375 67.46
0.07375 67.46
0.07375 67.46
0.07375 67.46
0.07375 67.46
0.08430555555555555 99.0
