0.011805555555555555 30.06
0.014409722222222223 31.67
0.01513888888888889 32.22
0.016180555555555556 32.68
0.016840277777777777 33.06
0.017013888888888887 33.22
0.018090277777777778 33.71
0.018506944444444444 33.71
0.01920138888888889 33.84
0.01965277777777778 33.97
0.019895833333333335 34.18
0.020416666666666666 34.43
0.020625 34.47
0.02125 34.87
0.021458333333333333 34.99
0.02201388888888889 35.11
0.022430555555555554 35.36
0.022534722222222223 35.4
0.022881944444444444 35.43
0.023055555555555555 35.79
0.023333333333333334 35.98
0.023854166666666666 36.12
0.023506944444444445 36.28
0.024131944444444445 36.36
0.024479166666666666 36.56
0.024652777777777777 36.67
0.025 36.66
0.025381944444444443 36.71
0.025659722222222223 36.83
0.025833333333333333 36.83
0.0259375 36.85
0.0265625 37.07
0.026805555555555555 37.19
0.02715277777777778 37.36
0.02767361111111111 37.34
0.02802083333333333 37.35
0.02802083333333333 37.42
0.028402777777777777 37.56
0.028715277777777777 37.65
0.029270833333333333 37.76
0.029479166666666667 37.82
0.029479166666666667 37.82
0.0296875 37.81
0.03013888888888889 37.99
0.0303125 38.14
0.03059027777777778 38.15
0.030868055555555555 38.2
0.0309375 38.22
0.03138888888888889 38.32
0.0315625 38.36
0.03159722222222222 38.35
0.03194444444444444 38.37
0.03246527777777778 38.49
0.0325 38.49
0.03239583333333333 38.48
0.03295138888888889 38.49
0.03295138888888889 38.49
0.03333333333333333 38.51
0.03350694444444444 38.52
0.033715277777777775 38.56
0.03388888888888889 38.56
0.034409722222222223 38.6
0.03454861111111111 38.64
0.034513888888888886 38.68
0.035034722222222224 38.8
0.035069444444444445 38.8
0.035381944444444445 38.84
0.035451388888888886 38.84
0.035868055555555556 38.92
0.036041666666666666 38.96
0.036319444444444446 39.01
0.03666666666666667 38.99
0.03704861111111111 39.09
0.037395833333333336 39.13
0.03756944444444445 39.14
0.03767361111111111 39.21
0.03836805555555556 39.3
0.0390625 39.34
0.04006944444444444 39.29
0.04083333333333333 39.48
0.042152777777777775 39.45
0.042881944444444445 39.54
0.04402777777777778 39.63
0.04513888888888889 39.74
0.04631944444444445 39.81
0.0471875 39.9
0.04847222222222222 39.88
0.049652777777777775 39.98
0.051354166666666666 39.97
0.053020833333333336 40.04
0.05482638888888889 40.05
0.05597222222222222 40.13
0.057777777777777775 40.17
0.06 40.22
0.06208333333333333 40.22
0.06479166666666666 40.26
0.06690972222222222 40.29
0.07020833333333333 40.29
0.07354166666666667 40.31
0.07583333333333334 40.32
0.07631944444444444 40.31
