0.021111111111111112 25.44
0.026909722222222224 27.16
0.0290625 27.59
0.030868055555555555 27.89
0.03263888888888889 28.27
0.033819444444444444 28.5
0.035347222222222224 28.83
0.036284722222222225 28.97
0.03760416666666667 29.19
0.03847222222222222 29.3
0.03927083333333333 29.41
0.04027777777777778 29.56
0.04159722222222222 29.87
0.042118055555555554 29.83
0.042534722222222224 29.97
0.043159722222222224 30.02
0.044305555555555556 30.31
0.04517361111111111 30.34
0.04600694444444445 30.51
0.04739583333333333 30.59
0.04795138888888889 30.74
0.04881944444444444 30.78
0.049444444444444444 30.83
0.050381944444444444 30.91
0.050520833333333334 31.0
0.0515625 31.05
0.052222222222222225 31.11
0.05361111111111111 31.27
0.05392361111111111 31.34
0.05559027777777778 31.48
0.05621527777777778 31.6
0.05663194444444444 31.71
0.05763888888888889 31.83
0.058472222222222224 31.87
0.05965277777777778 32.03
0.060520833333333336 32.05
0.06104166666666667 32.1
0.06194444444444445 32.16
0.06315972222222223 32.22
0.06465277777777778 32.33
0.06538194444444445 32.43
0.06590277777777778 32.43
0.06722222222222222 32.56
0.0678125 32.59
0.06888888888888889 32.7
0.06930555555555555 32.76
0.06940972222222222 32.8
0.07079861111111112 32.91
0.07107638888888888 32.92
0.07149305555555556 32.92
0.07298611111111111 32.98
0.07309027777777778 32.92
0.0740625 32.96
0.07475694444444445 32.99
0.07534722222222222 33.06
0.07677083333333333 33.09
0.07652777777777778 33.08
0.07770833333333334 33.22
0.07774305555555555 33.2
0.07881944444444444 33.18
0.07989583333333333 33.27
0.07982638888888889 33.31
0.08041666666666666 33.31
0.08166666666666667 33.37
0.08246527777777778 33.38
0.083125 33.4
0.08340277777777778 33.43
0.0842013888888889 33.48
0.0842013888888889 33.48
0.08555555555555555 33.54
0.08538194444444444 33.55
0.08694444444444445 33.57
0.08784722222222222 33.68
0.08836805555555556 33.68
0.08899305555555556 33.68
0.08947916666666667 33.69
0.09253472222222223 33.76
0.09413194444444445 33.82
0.09788194444444444 33.98
0.10034722222222223 34.01
0.10295138888888888 34.07
0.10559027777777778 34.18
0.10753472222222223 34.18
0.11079861111111111 34.26
0.11631944444444445 34.39
0.11788194444444444 34.39
0.12111111111111111 34.43
0.12489583333333333 34.52
0.13055555555555556 34.52
0.13336805555555556 34.61
0.139375 34.68
0.14378472222222222 34.7
0.14829861111111112 34.72
0.15486111111111112 34.82
0.16326388888888888 34.82
0.17048611111111112 34.91
0.1774652777777778 34.9
0.1876736111111111 34.97
0.19690972222222222 34.9
0.20916666666666667 34.97
0.21572916666666667 34.91
