0.017118055555555556 51.63
0.017118055555555556 51.63
0.017118055555555556 51.63
0.017118055555555556 51.63
0.017118055555555556 51.63
0.017118055555555556 51.63
0.017118055555555556 51.63
0.017118055555555556 51.63
0.017118055555555556 51.63
0.017118055555555556 51.63
0.017118055555555556 51.63
0.017118055555555556 51.63
0.017118055555555556 51.63
0.017118055555555556 51.63
0.017118055555555556 51.63
0.017118055555555556 51.63
0.017118055555555556 51.63
0.017118055555555556 51.63
0.017118055555555556 51.63
0.017118055555555556 51.63
0.020069444444444445 56.67
0.020069444444444445 56.67
0.020069444444444445 56.67
0.020069444444444445 56.67
0.020069444444444445 56.67
0.020069444444444445 56.67
0.020069444444444445 56.67
0.020069444444444445 56.67
0.020069444444444445 56.67
0.020069444444444445 56.67
0.020069444444444445 56.67
0.020069444444444445 56.67
0.020069444444444445 56.67
0.020069444444444445 56.67
0.020069444444444445 56.67
0.020069444444444445 56.67
0.020069444444444445 56.67
0.020069444444444445 56.67
0.020069444444444445 56.67
0.020069444444444445 56.67
0.0221875 62.4
0.0221875 62.4
0.0221875 62.4
0.0221875 62.4
0.0221875 62.4
0.0221875 62.4
0.0221875 62.4
0.0221875 62.4
0.0221875 62.4
0.0221875 62.4
0.0221875 62.4
0.0221875 62.4
0.0221875 62.4
0.0221875 62.4
0.0221875 62.4
0.0221875 62.4
0.0221875 62.4
0.0221875 62.4
0.0221875 62.4
0.0221875 62.4
0.02642361111111111 67.19
0.02642361111111111 67.19
0.02642361111111111 67.19
0.02642361111111111 67.19
0.02642361111111111 67.19
0.02642361111111111 67.19
0.02642361111111111 67.19
0.02642361111111111 67.19
0.02642361111111111 67.19
0.02642361111111111 67.19
0.02642361111111111 67.19
0.02642361111111111 67.19
0.02642361111111111 67.19
0.02642361111111111 67.19
0.02642361111111111 67.19
0.02642361111111111 67.19
0.02642361111111111 67.19
0.02642361111111111 67.19
0.02642361111111111 67.19
0.02642361111111111 67.19
0.028402777777777777 71.33
0.028402777777777777 71.33
0.028402777777777777 71.33
0.028402777777777777 71.33
0.028402777777777777 71.33
0.028402777777777777 71.33
0.028402777777777777 71.33
0.028402777777777777 71.33
0.028402777777777777 71.33
0.028402777777777777 71.33
0.028402777777777777 71.33
0.028402777777777777 71.33
0.028402777777777777 71.33
0.028402777777777777 71.33
0.028402777777777777 71.33
0.028402777777777777 71.33
0.028402777777777777 71.33
0.028402777777777777 71.33
0.028402777777777777 71.33
0.028402777777777777 71.33
0.03149305555555556 99.0
