0.011041666666666667 29.86
0.012847222222222222 31.53
0.013993055555555555 32.05
0.014479166666666666 32.45
0.014930555555555556 32.79
0.01545138888888889 33.14
0.016006944444444445 33.39
0.01638888888888889 33.53
0.017152777777777777 33.86
0.017465277777777777 34.0
0.017951388888888888 34.15
0.018194444444444444 34.31
0.018229166666666668 34.27
0.01892361111111111 34.55
0.0190625 34.75
0.01951388888888889 35.0
0.0196875 35.12
0.019965277777777776 35.3
0.02048611111111111 35.37
0.02048611111111111 35.37
0.021111111111111112 35.55
0.021145833333333332 35.51
0.020972222222222222 35.8
0.021458333333333333 35.9
0.021597222222222223 36.04
0.021875 36.18
0.022083333333333333 36.19
0.02236111111111111 36.2
0.022743055555555555 36.39
0.022916666666666665 36.43
0.02298611111111111 36.46
0.023819444444444445 36.69
0.023958333333333335 36.64
0.024305555555555556 36.76
0.0246875 36.88
0.024652777777777777 36.96
0.025243055555555557 37.02
0.025555555555555557 37.15
0.025590277777777778 37.21
0.025868055555555554 37.34
0.026284722222222223 37.39
0.026597222222222223 37.46
0.02715277777777778 37.61
0.027083333333333334 37.47
0.027256944444444445 37.57
0.02767361111111111 37.67
0.028125 37.75
0.028090277777777777 37.78
0.028645833333333332 37.91
0.028819444444444446 37.94
0.028923611111111112 37.95
0.029166666666666667 38.05
0.029479166666666667 38.05
0.029375 38.09
0.02982638888888889 38.09
0.030069444444444444 38.17
0.03013888888888889 38.15
0.03045138888888889 38.16
0.03079861111111111 38.24
0.030833333333333334 38.23
0.03111111111111111 38.26
0.03107638888888889 38.24
0.0315625 38.41
0.03152777777777778 38.41
0.03180555555555555 38.5
0.03177083333333333 38.44
0.03232638888888889 38.5
0.03243055555555555 38.56
0.03243055555555555 38.56
0.03309027777777778 38.59
0.03326388888888889 38.56
0.03357638888888889 38.61
0.033715277777777775 38.66
0.034027777777777775 38.68
0.034027777777777775 38.75
0.034583333333333334 38.82
0.035625 38.93
0.036006944444444446 38.93
0.03725694444444445 38.93
0.03784722222222222 39.11
0.03871527777777778 39.15
0.03989583333333333 39.24
0.04052083333333333 39.29
0.04159722222222222 39.32
0.04236111111111111 39.37
0.043819444444444446 39.41
0.04454861111111111 39.46
0.04621527777777778 39.55
0.04743055555555555 39.65
0.04868055555555555 39.61
0.049965277777777775 39.62
0.0528125 39.69
0.05385416666666667 39.76
0.05673611111111111 39.79
0.058368055555555555 39.79
0.06055555555555556 39.86
0.0636111111111111 39.87
0.06659722222222222 39.87
0.06819444444444445 39.86
0.07104166666666667 39.89
0.0726736111111111 39.88
