0.08277777777777778 43.71
0.08277777777777778 43.71
0.08277777777777778 43.71
0.08277777777777778 43.71
0.08277777777777778 43.71
0.08277777777777778 43.71
0.08277777777777778 43.71
0.08277777777777778 43.71
0.08277777777777778 43.71
0.08277777777777778 43.71
0.08277777777777778 43.71
0.08277777777777778 43.71
0.08277777777777778 43.71
0.08277777777777778 43.71
0.08277777777777778 43.71
0.08277777777777778 43.71
0.08277777777777778 43.71
0.08277777777777778 43.71
0.08277777777777778 43.71
0.08277777777777778 43.71
0.09211805555555555 48.17
0.09211805555555555 48.17
0.09211805555555555 48.17
0.09211805555555555 48.17
0.09211805555555555 48.17
0.09211805555555555 48.17
0.09211805555555555 48.17
0.09211805555555555 48.17
0.09211805555555555 48.17
0.09211805555555555 48.17
0.09211805555555555 48.17
0.09211805555555555 48.17
0.09211805555555555 48.17
0.09211805555555555 48.17
0.09211805555555555 48.17
0.09211805555555555 48.17
0.09211805555555555 48.17
0.09211805555555555 48.17
0.09211805555555555 48.17
0.09211805555555555 48.17
0.10677083333333333 53.44
0.10677083333333333 53.44
0.10677083333333333 53.44
0.10677083333333333 53.44
0.10677083333333333 53.44
0.10677083333333333 53.44
0.10677083333333333 53.44
0.10677083333333333 53.44
0.10677083333333333 53.44
0.10677083333333333 53.44
0.10677083333333333 53.44
0.10677083333333333 53.44
0.10677083333333333 53.44
0.10677083333333333 53.44
0.10677083333333333 53.44
0.10677083333333333 53.44
0.10677083333333333 53.44
0.10677083333333333 53.44
0.10677083333333333 53.44
0.10677083333333333 53.44
0.1253125 58.89
0.1253125 58.89
0.1253125 58.89
0.1253125 58.89
0.1253125 58.89
0.1253125 58.89
0.1253125 58.89
0.1253125 58.89
0.1253125 58.89
0.1253125 58.89
0.1253125 58.89
0.1253125 58.89
0.1253125 58.89
0.1253125 58.89
0.1253125 58.89
0.1253125 58.89
0.1253125 58.89
0.1253125 58.89
0.1253125 58.89
0.1253125 58.89
0.14201388888888888 62.77
0.14201388888888888 62.77
0.14201388888888888 62.77
0.14201388888888888 62.77
0.14201388888888888 62.77
0.14201388888888888 62.77
0.14201388888888888 62.77
0.14201388888888888 62.77
0.14201388888888888 62.77
0.14201388888888888 62.77
0.14201388888888888 62.77
0.14201388888888888 62.77
0.14201388888888888 62.77
0.14201388888888888 62.77
0.14201388888888888 62.77
0.14201388888888888 62.77
0.14201388888888888 62.77
0.14201388888888888 62.77
0.14201388888888888 62.77
0.14201388888888888 62.77
0.16895833333333332 99.0
