0.07583333333333334 99.0 0
0.07583333333333334 99.0 1
0.07583333333333334 99.0 2
0.07583333333333334 99.0 3
0.07583333333333334 99.0 4
0.07583333333333334 99.0 5
0.07583333333333334 99.0 6
0.07583333333333334 99.0 7
0.07583333333333334 99.0 8
0.07583333333333334 99.0 9
0.07583333333333334 99.0 10
0.07583333333333334 99.0 11
0.07583333333333334 99.0 12
0.07583333333333334 99.0 13
0.07583333333333334 99.0 14
0.07583333333333334 99.0 15
0.07583333333333334 99.0 16
0.07583333333333334 99.0 17
0.07583333333333334 99.0 18
0.07583333333333334 99.0 19
0.07583333333333334 99.0 20
0.07583333333333334 99.0 21
0.07583333333333334 99.0 22
0.07583333333333334 99.0 23
0.07583333333333334 99.0 24
0.07583333333333334 99.0 25
0.07739583333333333 99.0 26
0.07739583333333333 99.0 27
0.07739583333333333 99.0 28
0.07739583333333333 99.0 29
0.07739583333333333 99.0 30
0.07739583333333333 99.0 31
0.0770138888888889 99.0 32
0.0770138888888889 99.0 33
0.0770138888888889 99.0 34
0.0770138888888889 99.0 35
0.0770138888888889 99.0 36
0.07555555555555556 99.0 37
0.07555555555555556 99.0 38
0.07555555555555556 99.0 39
0.07555555555555556 99.0 40
0.07555555555555556 99.0 41
0.07555555555555556 99.0 42
0.07555555555555556 99.0 43
0.07555555555555556 99.0 44
0.07555555555555556 99.0 45
0.07555555555555556 99.0 46
0.07555555555555556 99.0 47
0.07555555555555556 99.0 48
0.07555555555555556 99.0 49
0.07555555555555556 99.0 50
0.07555555555555556 99.0 52
0.07555555555555556 99.0 54
0.07555555555555556 99.0 56
0.07555555555555556 99.0 58
0.07555555555555556 99.0 60
0.07552083333333333 99.0 62
0.07552083333333333 99.0 64
0.07552083333333333 99.0 66
0.07555555555555556 99.0 68
0.07555555555555556 99.0 70
0.07555555555555556 99.0 72
0.07552083333333333 99.0 74
0.07548611111111111 99.0 76
0.07552083333333333 99.0 78
0.07517361111111111 99.0 80
0.07524305555555555 99.0 82
0.07520833333333334 99.0 84
0.07524305555555555 99.0 86
0.07524305555555555 99.0 88
0.07520833333333334 99.0 90
0.07524305555555555 99.0 92
0.07517361111111111 99.0 94
0.07517361111111111 99.0 96
0.07517361111111111 99.0 98
0.0751388888888889 99.0 100
