0.010763888888888889 30.02
0.012604166666666666 31.76
0.0134375 32.25
0.014340277777777778 32.59
0.014791666666666667 32.88
0.015277777777777777 33.19
0.015868055555555555 33.54
0.016319444444444445 33.75
0.0171875 33.88
0.017569444444444443 34.13
0.018159722222222223 34.23
0.018194444444444444 34.28
0.01861111111111111 34.46
0.018784722222222223 34.58
0.019131944444444444 34.93
0.019618055555555555 35.03
0.02 35.26
0.02013888888888889 35.29
0.0203125 35.47
0.020763888888888887 35.62
0.021006944444444446 35.69
0.021215277777777777 35.82
0.021805555555555557 36.06
0.021493055555555557 36.25
0.021736111111111112 36.39
0.021805555555555557 36.38
0.022291666666666668 36.41
0.022569444444444444 36.44
0.022743055555555555 36.74
0.022916666666666665 36.74
0.02361111111111111 36.94
0.023680555555555555 37.04
0.0240625 37.05
0.024444444444444446 37.09
0.024826388888888887 37.16
0.025381944444444443 37.32
0.025416666666666667 37.35
0.025763888888888888 37.37
0.026111111111111113 37.53
0.026597222222222223 37.58
0.026458333333333334 37.63
0.026909722222222224 37.78
0.026805555555555555 37.71
0.02715277777777778 37.87
0.027291666666666665 37.82
0.027743055555555556 37.95
0.027777777777777776 37.95
0.0278125 37.97
0.02826388888888889 38.05
0.028645833333333332 38.17
0.028784722222222222 38.17
0.029097222222222222 38.16
0.029479166666666667 38.25
0.029479166666666667 38.31
0.029583333333333333 38.32
0.030034722222222223 38.37
0.030069444444444444 38.42
0.03013888888888889 38.41
0.03048611111111111 38.51
0.03076388888888889 38.51
0.030868055555555555 38.58
0.03121527777777778 38.6
0.03135416666666667 38.67
0.03138888888888889 38.71
0.03184027777777778 38.66
0.03190972222222222 38.62
0.03204861111111111 38.57
0.0325 38.66
0.0325 38.66
0.032916666666666664 38.61
0.03302083333333333 38.73
0.03340277777777778 38.74
0.033680555555555554 38.78
0.033854166666666664 38.89
0.034270833333333334 38.98
0.034583333333333334 38.97
0.035138888888888886 39.06
0.036041666666666666 39.08
0.03715277777777778 39.13
0.03798611111111111 39.33
0.03861111111111111 39.42
0.03923611111111111 39.43
0.04090277777777778 39.47
0.041666666666666664 39.5
0.0425 39.54
0.043611111111111114 39.66
0.044583333333333336 39.64
0.04534722222222222 39.76
0.0471875 39.8
0.04861111111111111 39.8
0.050520833333333334 39.86
0.051909722222222225 39.96
0.05340277777777778 39.95
0.05600694444444444 39.98
0.057743055555555554 40.01
0.059409722222222225 40.04
0.06274305555555555 40.08
0.06583333333333333 40.08
0.06708333333333333 40.07
0.06972222222222223 40.1
0.07135416666666666 40.09
