0.03194444444444444 48.86
0.03194444444444444 48.86
0.03194444444444444 48.86
0.03194444444444444 48.86
0.03194444444444444 48.86
0.03194444444444444 48.86
0.03194444444444444 48.86
0.03194444444444444 48.86
0.03194444444444444 48.86
0.03194444444444444 48.86
0.03194444444444444 48.86
0.03194444444444444 48.86
0.03194444444444444 48.86
0.03194444444444444 48.86
0.03194444444444444 48.86
0.03194444444444444 48.86
0.03194444444444444 48.86
0.03194444444444444 48.86
0.03194444444444444 48.86
0.03194444444444444 48.86
0.03809027777777778 53.77
0.03809027777777778 53.77
0.03809027777777778 53.77
0.03809027777777778 53.77
0.03809027777777778 53.77
0.03809027777777778 53.77
0.03809027777777778 53.77
0.03809027777777778 53.77
0.03809027777777778 53.77
0.03809027777777778 53.77
0.03809027777777778 53.77
0.03809027777777778 53.77
0.03809027777777778 53.77
0.03809027777777778 53.77
0.03809027777777778 53.77
0.03809027777777778 53.77
0.03809027777777778 53.77
0.03809027777777778 53.77
0.03809027777777778 53.77
0.03809027777777778 53.77
0.043645833333333335 59.33
0.043645833333333335 59.33
0.043645833333333335 59.33
0.043645833333333335 59.33
0.043645833333333335 59.33
0.043645833333333335 59.33
0.043645833333333335 59.33
0.043645833333333335 59.33
0.043645833333333335 59.33
0.043645833333333335 59.33
0.043645833333333335 59.33
0.043645833333333335 59.33
0.043645833333333335 59.33
0.043645833333333335 59.33
0.043645833333333335 59.33
0.043645833333333335 59.33
0.043645833333333335 59.33
0.043645833333333335 59.33
0.043645833333333335 59.33
0.043645833333333335 59.33
0.05170138888888889 64.4
0.05170138888888889 64.4
0.05170138888888889 64.4
0.05170138888888889 64.4
0.05170138888888889 64.4
0.05170138888888889 64.4
0.05170138888888889 64.4
0.05170138888888889 64.4
0.05170138888888889 64.4
0.05170138888888889 64.4
0.05170138888888889 64.4
0.05170138888888889 64.4
0.05170138888888889 64.4
0.05170138888888889 64.4
0.05170138888888889 64.4
0.05170138888888889 64.4
0.05170138888888889 64.4
0.05170138888888889 64.4
0.05170138888888889 64.4
0.05170138888888889 64.4
0.058472222222222224 68.53
0.058472222222222224 68.53
0.058472222222222224 68.53
0.058472222222222224 68.53
0.058472222222222224 68.53
0.058472222222222224 68.53
0.058472222222222224 68.53
0.058472222222222224 68.53
0.058472222222222224 68.53
0.058472222222222224 68.53
0.058472222222222224 68.53
0.058472222222222224 68.53
0.058472222222222224 68.53
0.058472222222222224 68.53
0.058472222222222224 68.53
0.058472222222222224 68.53
0.058472222222222224 68.53
0.058472222222222224 68.53
0.058472222222222224 68.53
0.058472222222222224 68.53
0.0671875 99.0
