0.08395833333333333 43.54
0.08395833333333333 43.54
0.08395833333333333 43.54
0.08395833333333333 43.54
0.08395833333333333 43.54
0.08395833333333333 43.54
0.08395833333333333 43.54
0.08395833333333333 43.54
0.08395833333333333 43.54
0.08395833333333333 43.54
0.08395833333333333 43.54
0.08395833333333333 43.54
0.08395833333333333 43.54
0.08395833333333333 43.54
0.08395833333333333 43.54
0.08395833333333333 43.54
0.08395833333333333 43.54
0.08395833333333333 43.54
0.08395833333333333 43.54
0.08395833333333333 43.54
0.09572916666666667 47.92
0.09572916666666667 47.92
0.09572916666666667 47.92
0.09572916666666667 47.92
0.09572916666666667 47.92
0.09572916666666667 47.92
0.09572916666666667 47.92
0.09572916666666667 47.92
0.09572916666666667 47.92
0.09572916666666667 47.92
0.09572916666666667 47.92
0.09572916666666667 47.92
0.09572916666666667 47.92
0.09572916666666667 47.92
0.09572916666666667 47.92
0.09572916666666667 47.92
0.09572916666666667 47.92
0.09572916666666667 47.92
0.09572916666666667 47.92
0.09572916666666667 47.92
0.11447916666666667 53.01
0.11447916666666667 53.01
0.11447916666666667 53.01
0.11447916666666667 53.01
0.11447916666666667 53.01
0.11447916666666667 53.01
0.11447916666666667 53.01
0.11447916666666667 53.01
0.11447916666666667 53.01
0.11447916666666667 53.01
0.11447916666666667 53.01
0.11447916666666667 53.01
0.11447916666666667 53.01
0.11447916666666667 53.01
0.11447916666666667 53.01
0.11447916666666667 53.01
0.11447916666666667 53.01
0.11447916666666667 53.01
0.11447916666666667 53.01
0.11447916666666667 53.01
0.13552083333333334 58.08
0.13552083333333334 58.08
0.13552083333333334 58.08
0.13552083333333334 58.08
0.13552083333333334 58.08
0.13552083333333334 58.08
0.13552083333333334 58.08
0.13552083333333334 58.08
0.13552083333333334 58.08
0.13552083333333334 58.08
0.13552083333333334 58.08
0.13552083333333334 58.08
0.13552083333333334 58.08
0.13552083333333334 58.08
0.13552083333333334 58.08
0.13552083333333334 58.08
0.13552083333333334 58.08
0.13552083333333334 58.08
0.13552083333333334 58.08
0.13552083333333334 58.08
0.1593402777777778 62.22
0.1593402777777778 62.22
0.1593402777777778 62.22
0.1593402777777778 62.22
0.1593402777777778 62.22
0.1593402777777778 62.22
0.1593402777777778 62.22
0.1593402777777778 62.22
0.1593402777777778 62.22
0.1593402777777778 62.22
0.1593402777777778 62.22
0.1593402777777778 62.22
0.1593402777777778 62.22
0.1593402777777778 62.22
0.1593402777777778 62.22
0.1593402777777778 62.22
0.1593402777777778 62.22
0.1593402777777778 62.22
0.1593402777777778 62.22
0.1593402777777778 62.22
0.1992361111111111 99.0
