0.03163194444444444 25.63
0.04090277777777778 27.86
0.043090277777777776 28.67
0.04590277777777778 29.25
0.04767361111111111 29.54
0.04958333333333333 29.81
0.051111111111111114 30.12
0.05263888888888889 30.46
0.05375 30.71
0.05475694444444444 30.85
0.05621527777777778 31.11
0.05739583333333333 31.37
0.058541666666666665 31.51
0.05954861111111111 31.74
0.06034722222222222 31.89
0.06163194444444445 32.11
0.06215277777777778 32.29
0.06329861111111111 32.42
0.06399305555555555 32.55
0.06489583333333333 32.69
0.06631944444444444 32.87
0.06701388888888889 32.9
0.06756944444444445 33.01
0.06881944444444445 33.3
0.06951388888888889 33.44
0.07065972222222222 33.64
0.07152777777777777 33.8
0.07260416666666666 33.97
0.07399305555555556 34.09
0.07489583333333333 34.2
0.07548611111111111 34.19
0.07625 34.38
0.07715277777777778 34.41
0.07784722222222222 34.52
0.07868055555555556 34.66
0.07895833333333334 34.75
0.07934027777777777 34.79
0.08072916666666667 35.04
0.0815625 35.08
0.08256944444444445 35.31
0.08315972222222222 35.29
0.08381944444444445 35.36
0.08489583333333334 35.48
0.08565972222222222 35.48
0.08677083333333334 35.66
0.08739583333333334 35.69
0.08753472222222222 35.72
0.08854166666666667 35.78
0.0889236111111111 35.85
0.08947916666666667 35.88
0.090625 36.03
0.09065972222222222 36.1
0.09149305555555555 36.15
0.09208333333333334 36.24
0.0934375 36.22
0.09395833333333334 36.31
0.09385416666666667 36.29
0.0946875 36.45
0.0946875 36.47
0.09607638888888889 36.57
0.0961111111111111 36.65
0.09704861111111111 36.69
0.09743055555555556 36.64
0.09819444444444445 36.78
0.0992013888888889 36.79
0.09986111111111111 36.77
0.09972222222222223 36.88
0.10076388888888889 36.89
0.10076388888888889 36.9
0.10215277777777777 37.1
0.10225694444444444 37.1
0.10361111111111111 37.23
0.10427083333333333 37.3
0.10458333333333333 37.33
0.105625 37.39
0.10600694444444445 37.41
0.10895833333333334 37.54
0.11104166666666666 37.62
0.11326388888888889 37.81
0.1153125 37.92
0.11760416666666666 38.12
0.11920138888888888 38.09
0.1220138888888889 38.15
0.12506944444444446 38.37
0.12836805555555555 38.47
0.1303125 38.43
0.1340625 38.68
0.13770833333333332 38.69
0.14131944444444444 38.8
0.14493055555555556 38.91
0.15010416666666668 39.02
0.15472222222222223 39.17
0.15875 39.19
0.16392361111111112 39.34
0.17173611111111112 39.38
0.1778125 39.41
0.1842013888888889 39.47
0.1942361111111111 39.58
0.20305555555555554 39.52
0.21180555555555555 39.54
0.21614583333333334 39.53
