0.26763888888888887 99.0 0
0.26763888888888887 99.0 1
0.26763888888888887 99.0 2
0.26763888888888887 99.0 3
0.26763888888888887 99.0 4
0.26763888888888887 99.0 5
0.26763888888888887 99.0 6
0.26763888888888887 99.0 7
0.26763888888888887 99.0 8
0.26763888888888887 99.0 9
0.26763888888888887 99.0 10
0.26763888888888887 99.0 11
0.2649652777777778 99.0 12
0.2649652777777778 99.0 13
0.2649652777777778 99.0 14
0.2649652777777778 99.0 15
0.26729166666666665 99.0 16
0.26729166666666665 99.0 17
0.26729166666666665 99.0 18
0.26729166666666665 99.0 19
0.2653125 99.0 20
0.2653125 99.0 21
0.2653125 99.0 22
0.26524305555555555 99.0 23
0.26524305555555555 99.0 24
0.25309027777777776 99.0 25
0.25555555555555554 99.0 26
0.25555555555555554 99.0 27
0.2524652777777778 99.0 28
0.2524652777777778 99.0 29
0.2524652777777778 99.0 30
0.2524652777777778 99.0 31
0.25579861111111113 99.0 32
0.25579861111111113 99.0 33
0.2525 99.0 34
0.2525 99.0 35
0.2559375 99.0 36
0.2559375 99.0 37
0.2524652777777778 99.0 38
0.2524652777777778 99.0 39
0.25555555555555554 99.0 40
0.2559375 99.0 41
0.2559375 99.0 42
0.2555208333333333 99.0 43
0.2522916666666667 99.0 44
0.2522916666666667 99.0 45
0.2557638888888889 99.0 46
0.2554166666666667 99.0 47
0.25527777777777777 99.0 48
0.25527777777777777 99.0 49
0.2557638888888889 99.0 50
0.25538194444444445 99.0 52
0.25555555555555554 99.0 54
0.2551736111111111 99.0 56
0.2560763888888889 99.0 58
0.2559375 99.0 60
0.25579861111111113 99.0 62
0.2552083333333333 99.0 64
0.2557291666666667 99.0 66
0.25538194444444445 99.0 68
0.25548611111111114 99.0 70
0.2553472222222222 99.0 72
0.25555555555555554 99.0 74
0.25555555555555554 99.0 76
0.2560763888888889 99.0 78
0.25590277777777776 99.0 80
0.25569444444444445 99.0 82
0.25600694444444444 99.0 84
0.2557638888888889 99.0 86
0.2551041666666667 99.0 88
0.25645833333333334 99.0 90
0.2561111111111111 99.0 92
0.2557291666666667 99.0 94
0.25524305555555554 99.0 96
0.25569444444444445 99.0 98
0.25149305555555557 99.0 100
