0.0465625 46.39
0.0465625 46.39
0.0465625 46.39
0.0465625 46.39
0.0465625 46.39
0.0465625 46.39
0.0465625 46.39
0.0465625 46.39
0.0465625 46.39
0.0465625 46.39
0.0465625 46.39
0.0465625 46.39
0.0465625 46.39
0.0465625 46.39
0.0465625 46.39
0.0465625 46.39
0.0465625 46.39
0.0465625 46.39
0.0465625 46.39
0.0465625 46.39
0.05243055555555556 50.81
0.05243055555555556 50.81
0.05243055555555556 50.81
0.05243055555555556 50.81
0.05243055555555556 50.81
0.05243055555555556 50.81
0.05243055555555556 50.81
0.05243055555555556 50.81
0.05243055555555556 50.81
0.05243055555555556 50.81
0.05243055555555556 50.81
0.05243055555555556 50.81
0.05243055555555556 50.81
0.05243055555555556 50.81
0.05243055555555556 50.81
0.05243055555555556 50.81
0.05243055555555556 50.81
0.05243055555555556 50.81
0.05243055555555556 50.81
0.05243055555555556 50.81
0.06347222222222222 55.62
0.06347222222222222 55.62
0.06347222222222222 55.62
0.06347222222222222 55.62
0.06347222222222222 55.62
0.06347222222222222 55.62
0.06347222222222222 55.62
0.06347222222222222 55.62
0.06347222222222222 55.62
0.06347222222222222 55.62
0.06347222222222222 55.62
0.06347222222222222 55.62
0.06347222222222222 55.62
0.06347222222222222 55.62
0.06347222222222222 55.62
0.06347222222222222 55.62
0.06347222222222222 55.62
0.06347222222222222 55.62
0.06347222222222222 55.62
0.06347222222222222 55.62
0.07572916666666667 60.79
0.07572916666666667 60.79
0.07572916666666667 60.79
0.07572916666666667 60.79
0.07572916666666667 60.79
0.07572916666666667 60.79
0.07572916666666667 60.79
0.07572916666666667 60.79
0.07572916666666667 60.79
0.07572916666666667 60.79
0.07572916666666667 60.79
0.07572916666666667 60.79
0.07572916666666667 60.79
0.07572916666666667 60.79
0.07572916666666667 60.79
0.07572916666666667 60.79
0.07572916666666667 60.79
0.07572916666666667 60.79
0.07572916666666667 60.79
0.07572916666666667 60.79
0.08736111111111111 64.74
0.08736111111111111 64.74
0.08736111111111111 64.74
0.08736111111111111 64.74
0.08736111111111111 64.74
0.08736111111111111 64.74
0.08736111111111111 64.74
0.08736111111111111 64.74
0.08736111111111111 64.74
0.08736111111111111 64.74
0.08736111111111111 64.74
0.08736111111111111 64.74
0.08736111111111111 64.74
0.08736111111111111 64.74
0.08736111111111111 64.74
0.08736111111111111 64.74
0.08736111111111111 64.74
0.08736111111111111 64.74
0.08736111111111111 64.74
0.08736111111111111 64.74
0.10927083333333333 99.0
