0.03392361111111111 23.9
0.04690972222222222 26.24
0.050902777777777776 26.89
0.05472222222222222 27.31
0.05631944444444444 27.54
0.058402777777777776 27.84
0.06107638888888889 28.2
0.06326388888888888 28.38
0.06461805555555555 28.59
0.06569444444444444 28.74
0.06805555555555555 29.05
0.06923611111111111 29.21
0.07034722222222223 29.34
0.07138888888888889 29.39
0.07274305555555556 29.55
0.07434027777777778 29.7
0.07548611111111111 29.9
0.07732638888888889 30.02
0.07868055555555556 30.09
0.07958333333333334 30.25
0.08086805555555555 30.32
0.08201388888888889 30.37
0.08274305555555556 30.53
0.08385416666666666 30.54
0.08597222222222223 30.74
0.08711805555555556 30.92
0.08875 31.0
0.08996527777777778 31.18
0.09163194444444445 31.22
0.0926388888888889 31.34
0.09326388888888888 31.49
0.09381944444444444 31.52
0.095625 31.63
0.09628472222222222 31.64
0.09760416666666667 31.8
0.09878472222222222 31.86
0.10017361111111112 31.96
0.10159722222222223 32.09
0.10232638888888888 32.12
0.10378472222222222 32.22
0.10482638888888889 32.25
0.10579861111111111 32.33
0.10659722222222222 32.4
0.10753472222222223 32.39
0.10847222222222222 32.52
0.10979166666666666 32.58
0.1096875 32.57
0.11079861111111111 32.7
0.11229166666666666 32.72
0.11270833333333333 32.7
0.113125 32.77
0.11479166666666667 32.8
0.11506944444444445 32.83
0.1160763888888889 32.86
0.11708333333333333 32.93
0.11802083333333334 32.98
0.11826388888888889 32.96
0.1190625 32.97
0.12 33.07
0.1207986111111111 33.08
0.1207986111111111 33.12
0.12246527777777778 33.19
0.12246527777777778 33.19
0.12434027777777777 33.28
0.12472222222222222 33.28
0.12541666666666668 33.28
0.12628472222222223 33.28
0.12711805555555555 33.33
0.128125 33.32
0.12871527777777778 33.37
0.13017361111111111 33.44
0.13114583333333332 33.47
0.13135416666666666 33.49
0.1328125 33.58
0.1332986111111111 33.58
0.1353125 33.59
0.13798611111111111 33.69
0.14083333333333334 33.85
0.14364583333333333 33.92
0.1478125 33.97
0.1504861111111111 34.02
0.15434027777777778 34.07
0.15756944444444446 34.18
0.15975694444444444 34.16
0.1654861111111111 34.3
0.1686111111111111 34.4
0.17368055555555556 34.4
0.1790972222222222 34.52
0.18538194444444445 34.55
0.18909722222222222 34.62
0.19458333333333333 34.64
0.1979861111111111 34.7
0.20597222222222222 34.79
0.21232638888888888 34.75
0.22145833333333334 34.83
0.2300347222222222 34.88
0.23805555555555555 34.91
0.25048611111111113 34.97
0.2619444444444444 34.93
0.2771527777777778 34.97
0.28413194444444445 34.92
