0.025104166666666667 25.64
0.033125 27.89
0.035659722222222225 28.53
0.03743055555555556 28.85
0.03899305555555556 29.29
0.04059027777777778 29.58
0.04204861111111111 29.81
0.043333333333333335 30.06
0.044444444444444446 30.28
0.04576388888888889 30.44
0.04663194444444444 30.65
0.04826388888888889 30.82
0.048854166666666664 30.86
0.050555555555555555 31.15
0.050798611111111114 31.12
0.051215277777777776 31.31
0.05229166666666667 31.43
0.05260416666666667 31.63
0.05361111111111111 31.72
0.05413194444444445 31.87
0.05506944444444444 31.99
0.05625 32.04
0.057291666666666664 32.2
0.058125 32.28
0.058888888888888886 32.37
0.059479166666666666 32.47
0.059930555555555556 32.62
0.06100694444444445 32.81
0.06170138888888889 32.92
0.06274305555555555 33.08
0.06385416666666667 33.16
0.06527777777777778 33.37
0.06621527777777778 33.45
0.0667013888888889 33.54
0.0675 33.64
0.06746527777777778 33.7
0.06871527777777778 33.83
0.06940972222222222 33.91
0.06996527777777778 33.98
0.07145833333333333 33.96
0.07166666666666667 34.04
0.07225694444444444 34.11
0.07333333333333333 34.26
0.07458333333333333 34.42
0.07496527777777778 34.39
0.07559027777777778 34.48
0.07697916666666667 34.64
0.07729166666666666 34.66
0.07763888888888888 34.68
0.07847222222222222 34.75
0.07829861111111111 34.72
0.07958333333333334 34.76
0.08045138888888889 34.85
0.0804861111111111 34.84
0.08125 34.86
0.08159722222222222 34.89
0.08204861111111111 34.91
0.08211805555555556 35.02
0.08336805555555556 35.02
0.08388888888888889 35.12
0.0840625 35.16
0.08569444444444445 35.26
0.08586805555555556 35.29
0.08642361111111112 35.33
0.08680555555555555 35.29
0.08777777777777777 35.33
0.08763888888888889 35.37
0.08927083333333333 35.46
0.08927083333333333 35.46
0.09045138888888889 35.62
0.09065972222222222 35.6
0.09208333333333334 35.63
0.09229166666666666 35.62
0.09288194444444445 35.72
0.0940625 35.75
0.09423611111111112 35.77
0.09600694444444445 35.89
0.09878472222222222 35.97
0.1015625 36.09
0.10361111111111111 36.19
0.10559027777777778 36.29
0.10923611111111112 36.41
0.11125 36.44
0.114375 36.63
0.11708333333333333 36.63
0.12072916666666667 36.69
0.12381944444444444 36.79
0.1275 36.83
0.1326388888888889 36.96
0.1375 37.04
0.14020833333333332 37.12
0.1459375 37.18
0.14972222222222223 37.17
0.15638888888888888 37.3
0.16229166666666667 37.3
0.17107638888888888 37.41
0.17965277777777777 37.47
0.1884375 37.5
0.19975694444444445 37.5
0.21104166666666666 37.52
0.2152777777777778 37.47
