0.03576388888888889 48.15
0.03576388888888889 48.15
0.03576388888888889 48.15
0.03576388888888889 48.15
0.03576388888888889 48.15
0.03576388888888889 48.15
0.03576388888888889 48.15
0.03576388888888889 48.15
0.03576388888888889 48.15
0.03576388888888889 48.15
0.03576388888888889 48.15
0.03576388888888889 48.15
0.03576388888888889 48.15
0.03576388888888889 48.15
0.03576388888888889 48.15
0.03576388888888889 48.15
0.03576388888888889 48.15
0.03576388888888889 48.15
0.03576388888888889 48.15
0.03576388888888889 48.15
0.041666666666666664 52.71
0.041666666666666664 52.71
0.041666666666666664 52.71
0.041666666666666664 52.71
0.041666666666666664 52.71
0.041666666666666664 52.71
0.041666666666666664 52.71
0.041666666666666664 52.71
0.041666666666666664 52.71
0.041666666666666664 52.71
0.041666666666666664 52.71
0.041666666666666664 52.71
0.041666666666666664 52.71
0.041666666666666664 52.71
0.041666666666666664 52.71
0.041666666666666664 52.71
0.041666666666666664 52.71
0.041666666666666664 52.71
0.041666666666666664 52.71
0.041666666666666664 52.71
0.050138888888888886 58.65
0.050138888888888886 58.65
0.050138888888888886 58.65
0.050138888888888886 58.65
0.050138888888888886 58.65
0.050138888888888886 58.65
0.050138888888888886 58.65
0.050138888888888886 58.65
0.050138888888888886 58.65
0.050138888888888886 58.65
0.050138888888888886 58.65
0.050138888888888886 58.65
0.050138888888888886 58.65
0.050138888888888886 58.65
0.050138888888888886 58.65
0.050138888888888886 58.65
0.050138888888888886 58.65
0.050138888888888886 58.65
0.050138888888888886 58.65
0.050138888888888886 58.65
0.059409722222222225 63.71
0.059409722222222225 63.71
0.059409722222222225 63.71
0.059409722222222225 63.71
0.059409722222222225 63.71
0.059409722222222225 63.71
0.059409722222222225 63.71
0.059409722222222225 63.71
0.059409722222222225 63.71
0.059409722222222225 63.71
0.059409722222222225 63.71
0.059409722222222225 63.71
0.059409722222222225 63.71
0.059409722222222225 63.71
0.059409722222222225 63.71
0.059409722222222225 63.71
0.059409722222222225 63.71
0.059409722222222225 63.71
0.059409722222222225 63.71
0.059409722222222225 63.71
0.06666666666666667 67.78
0.06666666666666667 67.78
0.06666666666666667 67.78
0.06666666666666667 67.78
0.06666666666666667 67.78
0.06666666666666667 67.78
0.06666666666666667 67.78
0.06666666666666667 67.78
0.06666666666666667 67.78
0.06666666666666667 67.78
0.06666666666666667 67.78
0.06666666666666667 67.78
0.06666666666666667 67.78
0.06666666666666667 67.78
0.06666666666666667 67.78
0.06666666666666667 67.78
0.06666666666666667 67.78
0.06666666666666667 67.78
0.06666666666666667 67.78
0.06666666666666667 67.78
0.07517361111111111 99.0
