0.10395833333333333 42.34
0.10395833333333333 42.34
0.10395833333333333 42.34
0.10395833333333333 42.34
0.10395833333333333 42.34
0.10395833333333333 42.34
0.10395833333333333 42.34
0.10395833333333333 42.34
0.10395833333333333 42.34
0.10395833333333333 42.34
0.10395833333333333 42.34
0.10395833333333333 42.34
0.10395833333333333 42.34
0.10395833333333333 42.34
0.10395833333333333 42.34
0.10395833333333333 42.34
0.10395833333333333 42.34
0.10395833333333333 42.34
0.10395833333333333 42.34
0.10395833333333333 42.34
0.12069444444444444 46.52
0.12069444444444444 46.52
0.12069444444444444 46.52
0.12069444444444444 46.52
0.12069444444444444 46.52
0.12069444444444444 46.52
0.12069444444444444 46.52
0.12069444444444444 46.52
0.12069444444444444 46.52
0.12069444444444444 46.52
0.12069444444444444 46.52
0.12069444444444444 46.52
0.12069444444444444 46.52
0.12069444444444444 46.52
0.12069444444444444 46.52
0.12069444444444444 46.52
0.12069444444444444 46.52
0.12069444444444444 46.52
0.12069444444444444 46.52
0.12069444444444444 46.52
0.14555555555555555 51.87
0.14555555555555555 51.87
0.14555555555555555 51.87
0.14555555555555555 51.87
0.14555555555555555 51.87
0.14555555555555555 51.87
0.14555555555555555 51.87
0.14555555555555555 51.87
0.14555555555555555 51.87
0.14555555555555555 51.87
0.14555555555555555 51.87
0.14555555555555555 51.87
0.14555555555555555 51.87
0.14555555555555555 51.87
0.14555555555555555 51.87
0.14555555555555555 51.87
0.14555555555555555 51.87
0.14555555555555555 51.87
0.14555555555555555 51.87
0.14555555555555555 51.87
0.17805555555555555 57.13
0.17805555555555555 57.13
0.17805555555555555 57.13
0.17805555555555555 57.13
0.17805555555555555 57.13
0.17805555555555555 57.13
0.17805555555555555 57.13
0.17805555555555555 57.13
0.17805555555555555 57.13
0.17805555555555555 57.13
0.17805555555555555 57.13
0.17805555555555555 57.13
0.17805555555555555 57.13
0.17805555555555555 57.13
0.17805555555555555 57.13
0.17805555555555555 57.13
0.17805555555555555 57.13
0.17805555555555555 57.13
0.17805555555555555 57.13
0.17805555555555555 57.13
0.20055555555555554 61.1
0.20055555555555554 61.1
0.20055555555555554 61.1
0.20055555555555554 61.1
0.20055555555555554 61.1
0.20055555555555554 61.1
0.20055555555555554 61.1
0.20055555555555554 61.1
0.20055555555555554 61.1
0.20055555555555554 61.1
0.20055555555555554 61.1
0.20055555555555554 61.1
0.20055555555555554 61.1
0.20055555555555554 61.1
0.20055555555555554 61.1
0.20055555555555554 61.1
0.20055555555555554 61.1
0.20055555555555554 61.1
0.20055555555555554 61.1
0.20055555555555554 61.1
0.24597222222222223 99.0
