0.04055555555555555 47.3
0.04055555555555555 47.3
0.04055555555555555 47.3
0.04055555555555555 47.3
0.04055555555555555 47.3
0.04055555555555555 47.3
0.04055555555555555 47.3
0.04055555555555555 47.3
0.04055555555555555 47.3
0.04055555555555555 47.3
0.04055555555555555 47.3
0.04055555555555555 47.3
0.04055555555555555 47.3
0.04055555555555555 47.3
0.04055555555555555 47.3
0.04055555555555555 47.3
0.04055555555555555 47.3
0.04055555555555555 47.3
0.04055555555555555 47.3
0.04055555555555555 47.3
0.04763888888888889 52.13
0.04763888888888889 52.13
0.04763888888888889 52.13
0.04763888888888889 52.13
0.04763888888888889 52.13
0.04763888888888889 52.13
0.04763888888888889 52.13
0.04763888888888889 52.13
0.04763888888888889 52.13
0.04763888888888889 52.13
0.04763888888888889 52.13
0.04763888888888889 52.13
0.04763888888888889 52.13
0.04763888888888889 52.13
0.04763888888888889 52.13
0.04763888888888889 52.13
0.04763888888888889 52.13
0.04763888888888889 52.13
0.04763888888888889 52.13
0.04763888888888889 52.13
0.05600694444444444 57.85
0.05600694444444444 57.85
0.05600694444444444 57.85
0.05600694444444444 57.85
0.05600694444444444 57.85
0.05600694444444444 57.85
0.05600694444444444 57.85
0.05600694444444444 57.85
0.05600694444444444 57.85
0.05600694444444444 57.85
0.05600694444444444 57.85
0.05600694444444444 57.85
0.05600694444444444 57.85
0.05600694444444444 57.85
0.05600694444444444 57.85
0.05600694444444444 57.85
0.05600694444444444 57.85
0.05600694444444444 57.85
0.05600694444444444 57.85
0.05600694444444444 57.85
0.06809027777777778 63.07
0.06809027777777778 63.07
0.06809027777777778 63.07
0.06809027777777778 63.07
0.06809027777777778 63.07
0.06809027777777778 63.07
0.06809027777777778 63.07
0.06809027777777778 63.07
0.06809027777777778 63.07
0.06809027777777778 63.07
0.06809027777777778 63.07
0.06809027777777778 63.07
0.06809027777777778 63.07
0.06809027777777778 63.07
0.06809027777777778 63.07
0.06809027777777778 63.07
0.06809027777777778 63.07
0.06809027777777778 63.07
0.06809027777777778 63.07
0.06809027777777778 63.07
0.07711805555555555 67.28
0.07711805555555555 67.28
0.07711805555555555 67.28
0.07711805555555555 67.28
0.07711805555555555 67.28
0.07711805555555555 67.28
0.07711805555555555 67.28
0.07711805555555555 67.28
0.07711805555555555 67.28
0.07711805555555555 67.28
0.07711805555555555 67.28
0.07711805555555555 67.28
0.07711805555555555 67.28
0.07711805555555555 67.28
0.07711805555555555 67.28
0.07711805555555555 67.28
0.07711805555555555 67.28
0.07711805555555555 67.28
0.07711805555555555 67.28
0.07711805555555555 67.28
0.08513888888888889 99.0
