0.011944444444444445 29.84
0.014305555555555556 31.53
0.015277777777777777 31.98
0.016145833333333335 32.44
0.016840277777777777 32.76
0.017326388888888888 32.89
0.017847222222222223 33.14
0.01871527777777778 33.33
0.01902777777777778 33.67
0.019444444444444445 33.72
0.019965277777777776 34.07
0.020590277777777777 34.46
0.020763888888888887 34.57
0.021423611111111112 34.6
0.021840277777777778 34.68
0.021736111111111112 34.83
0.022083333333333333 35.02
0.0225 35.25
0.022916666666666665 35.27
0.023368055555555555 35.3
0.02329861111111111 35.45
0.023541666666666666 35.48
0.023715277777777776 35.79
0.02378472222222222 35.88
0.02423611111111111 35.81
0.024756944444444446 36.08
0.024826388888888887 36.08
0.025243055555555557 36.25
0.025763888888888888 36.44
0.026111111111111113 36.62
0.02652777777777778 36.7
0.026805555555555555 36.78
0.02701388888888889 36.95
0.027395833333333335 37.0
0.027604166666666666 37.07
0.027777777777777776 37.07
0.028333333333333332 37.15
0.028854166666666667 37.34
0.028993055555555557 37.27
0.029270833333333333 37.47
0.029513888888888888 37.44
0.029756944444444444 37.44
0.029791666666666668 37.47
0.03 37.57
0.030381944444444444 37.78
0.031041666666666665 37.88
0.030972222222222224 37.88
0.03128472222222222 37.97
0.03177083333333333 37.94
0.03177083333333333 37.9
0.03194444444444444 37.96
0.0321875 37.97
0.03270833333333333 37.94
0.03284722222222222 37.97
0.0328125 38.0
0.03326388888888889 38.14
0.03350694444444444 38.18
0.0334375 38.22
0.033993055555555554 38.38
0.033993055555555554 38.38
0.034375 38.37
0.034756944444444444 38.39
0.034756944444444444 38.39
0.0353125 38.34
0.035451388888888886 38.35
0.035555555555555556 38.36
0.03576388888888889 38.51
0.03611111111111111 38.57
0.03611111111111111 38.57
0.036458333333333336 38.53
0.03673611111111111 38.57
0.03701388888888889 38.59
0.03746527777777778 38.73
0.03746527777777778 38.73
0.03791666666666667 38.71
0.03791666666666667 38.71
0.03875 38.8
0.03982638888888889 38.98
0.040625 38.95
0.04170138888888889 39.14
0.042916666666666665 39.16
0.04402777777777778 39.26
0.04517361111111111 39.38
0.04565972222222222 39.24
0.04697916666666667 39.49
0.04784722222222222 39.5
0.049166666666666664 39.52
0.050208333333333334 39.6
0.05170138888888889 39.63
0.05329861111111111 39.62
0.05520833333333333 39.69
0.05663194444444444 39.74
0.058263888888888886 39.79
0.0615625 39.84
0.06270833333333334 39.84
0.06496527777777777 39.87
0.06746527777777778 39.89
0.07163194444444444 39.94
0.0732986111111111 39.91
0.07628472222222223 39.94
0.07822916666666667 39.92
