0.08395833333333333 44.36
0.08395833333333333 44.36
0.08395833333333333 44.36
0.08395833333333333 44.36
0.08395833333333333 44.36
0.08395833333333333 44.36
0.08395833333333333 44.36
0.08395833333333333 44.36
0.08395833333333333 44.36
0.08395833333333333 44.36
0.08395833333333333 44.36
0.08395833333333333 44.36
0.08395833333333333 44.36
0.08395833333333333 44.36
0.08395833333333333 44.36
0.08395833333333333 44.36
0.08395833333333333 44.36
0.08395833333333333 44.36
0.08395833333333333 44.36
0.08395833333333333 44.36
0.095625 47.87
0.095625 47.87
0.095625 47.87
0.095625 47.87
0.095625 47.87
0.095625 47.87
0.095625 47.87
0.095625 47.87
0.095625 47.87
0.095625 47.87
0.095625 47.87
0.095625 47.87
0.095625 47.87
0.095625 47.87
0.095625 47.87
0.095625 47.87
0.095625 47.87
0.095625 47.87
0.095625 47.87
0.095625 47.87
0.11680555555555555 52.68
0.11680555555555555 52.68
0.11680555555555555 52.68
0.11680555555555555 52.68
0.11680555555555555 52.68
0.11680555555555555 52.68
0.11680555555555555 52.68
0.11680555555555555 52.68
0.11680555555555555 52.68
0.11680555555555555 52.68
0.11680555555555555 52.68
0.11680555555555555 52.68
0.11680555555555555 52.68
0.11680555555555555 52.68
0.11680555555555555 52.68
0.11680555555555555 52.68
0.11680555555555555 52.68
0.11680555555555555 52.68
0.11680555555555555 52.68
0.11680555555555555 52.68
0.14083333333333334 57.86
0.14083333333333334 57.86
0.14083333333333334 57.86
0.14083333333333334 57.86
0.14083333333333334 57.86
0.14083333333333334 57.86
0.14083333333333334 57.86
0.14083333333333334 57.86
0.14083333333333334 57.86
0.14083333333333334 57.86
0.14083333333333334 57.86
0.14083333333333334 57.86
0.14083333333333334 57.86
0.14083333333333334 57.86
0.14083333333333334 57.86
0.14083333333333334 57.86
0.14083333333333334 57.86
0.14083333333333334 57.86
0.14083333333333334 57.86
0.14083333333333334 57.86
0.16576388888888888 61.86
0.16576388888888888 61.86
0.16576388888888888 61.86
0.16576388888888888 61.86
0.16576388888888888 61.86
0.16576388888888888 61.86
0.16576388888888888 61.86
0.16576388888888888 61.86
0.16576388888888888 61.86
0.16576388888888888 61.86
0.16576388888888888 61.86
0.16576388888888888 61.86
0.16576388888888888 61.86
0.16576388888888888 61.86
0.16576388888888888 61.86
0.16576388888888888 61.86
0.16576388888888888 61.86
0.16576388888888888 61.86
0.16576388888888888 61.86
0.16576388888888888 61.86
0.20902777777777778 99.0
