0.01170138888888889 29.54
0.014375 31.12
0.015590277777777778 31.91
0.01638888888888889 32.56
0.017083333333333332 32.88
0.017708333333333333 33.16
0.0184375 33.35
0.01861111111111111 33.64
0.01923611111111111 33.63
0.019756944444444445 33.91
0.020104166666666666 34.14
0.020833333333333332 34.46
0.021145833333333332 34.43
0.02125 34.67
0.02125 34.68
0.021631944444444443 34.95
0.02232638888888889 34.97
0.02232638888888889 35.05
0.02267361111111111 35.3
0.02263888888888889 35.27
0.02357638888888889 35.32
0.023506944444444445 35.46
0.02340277777777778 35.67
0.023715277777777776 35.77
0.023993055555555556 35.91
0.02423611111111111 36.02
0.024618055555555556 36.01
0.024965277777777777 36.07
0.025277777777777777 36.27
0.025694444444444443 36.28
0.02607638888888889 36.47
0.026180555555555554 36.46
0.026631944444444444 36.71
0.0271875 36.73
0.027291666666666665 36.82
0.027708333333333335 36.89
0.028194444444444446 37.07
0.02861111111111111 37.16
0.028923611111111112 37.24
0.028993055555555557 37.27
0.029375 37.36
0.029583333333333333 37.38
0.0296875 37.46
0.029861111111111113 37.48
0.03048611111111111 37.59
0.030833333333333334 37.71
0.030833333333333334 37.71
0.031006944444444445 37.63
0.03163194444444444 37.85
0.03163194444444444 37.82
0.0315625 37.76
0.03197916666666667 37.89
0.03204861111111111 37.97
0.0325 38.02
0.03267361111111111 38.07
0.03277777777777778 38.09
0.03284722222222222 38.09
0.033125 38.08
0.033854166666666664 38.14
0.03409722222222222 38.21
0.034340277777777775 38.23
0.034722222222222224 38.32
0.034722222222222224 38.32
0.035104166666666665 38.41
0.035104166666666665 38.43
0.0353125 38.48
0.035416666666666666 38.44
0.035902777777777777 38.4
0.036319444444444446 38.44
0.036319444444444446 38.44
0.03642361111111111 38.46
0.03666666666666667 38.56
0.03746527777777778 38.59
0.03746527777777778 38.59
0.03767361111111111 38.64
0.03767361111111111 38.64
0.03895833333333333 38.77
0.03961805555555555 38.86
0.04059027777777778 38.82
0.041493055555555554 38.92
0.042222222222222223 38.95
0.043333333333333335 39.05
0.04454861111111111 39.11
0.04503472222222222 39.12
0.04659722222222222 39.27
0.04746527777777778 39.32
0.04878472222222222 39.3
0.04982638888888889 39.35
0.052083333333333336 39.42
0.05381944444444445 39.46
0.05506944444444444 39.45
0.057118055555555554 39.58
0.058993055555555556 39.58
0.06145833333333333 39.63
0.06291666666666666 39.63
0.06538194444444445 39.67
0.06791666666666667 39.71
0.07211805555555556 39.73
0.07416666666666667 39.73
0.0771875 39.73
0.0792361111111111 39.73
