0.11329861111111111 99.0 0
0.11329861111111111 99.0 1
0.11329861111111111 99.0 2
0.11329861111111111 99.0 3
0.11329861111111111 99.0 4
0.11329861111111111 99.0 5
0.11329861111111111 99.0 6
0.11329861111111111 99.0 7
0.11329861111111111 99.0 8
0.11329861111111111 99.0 9
0.11329861111111111 99.0 10
0.11329861111111111 99.0 11
0.11329861111111111 99.0 12
0.11329861111111111 99.0 13
0.11329861111111111 99.0 14
0.11329861111111111 99.0 15
0.11322916666666667 99.0 16
0.11322916666666667 99.0 17
0.11322916666666667 99.0 18
0.11322916666666667 99.0 19
0.1134375 99.0 20
0.1134375 99.0 21
0.1134375 99.0 22
0.11302083333333333 99.0 23
0.11302083333333333 99.0 24
0.10916666666666666 99.0 25
0.10920138888888889 99.0 26
0.10920138888888889 99.0 27
0.10930555555555556 99.0 28
0.10930555555555556 99.0 29
0.10930555555555556 99.0 30
0.10930555555555556 99.0 31
0.10927083333333333 99.0 32
0.10927083333333333 99.0 33
0.10927083333333333 99.0 34
0.10927083333333333 99.0 35
0.10920138888888889 99.0 36
0.10920138888888889 99.0 37
0.10916666666666666 99.0 38
0.10916666666666666 99.0 39
0.10916666666666666 99.0 40
0.10930555555555556 99.0 41
0.10927083333333333 99.0 42
0.10923611111111112 99.0 43
0.109375 99.0 44
0.109375 99.0 45
0.109375 99.0 46
0.10923611111111112 99.0 47
0.10923611111111112 99.0 48
0.10923611111111112 99.0 49
0.10920138888888889 99.0 50
0.10916666666666666 99.0 52
0.10930555555555556 99.0 54
0.10930555555555556 99.0 56
0.10930555555555556 99.0 58
0.10927083333333333 99.0 60
0.10930555555555556 99.0 62
0.10930555555555556 99.0 64
0.10930555555555556 99.0 66
0.10930555555555556 99.0 68
0.10930555555555556 99.0 70
0.10927083333333333 99.0 72
0.10930555555555556 99.0 74
0.10930555555555556 99.0 76
0.10930555555555556 99.0 78
0.10930555555555556 99.0 80
0.10930555555555556 99.0 82
0.10930555555555556 99.0 84
0.10940972222222223 99.0 86
0.10940972222222223 99.0 88
0.10940972222222223 99.0 90
0.10930555555555556 99.0 92
0.10930555555555556 99.0 94
0.10930555555555556 99.0 96
0.10930555555555556 99.0 98
0.10927083333333333 99.0 100
