0.0303125 25.72
0.039375 27.78
0.041805555555555554 28.47
0.04479166666666667 29.25
0.04663194444444444 29.6
0.04788194444444444 30.09
0.049965277777777775 30.37
0.051041666666666666 30.64
0.0521875 30.93
0.05305555555555556 31.12
0.05461805555555556 31.29
0.05506944444444444 31.56
0.05663194444444444 31.77
0.057569444444444444 32.08
0.058888888888888886 32.28
0.059444444444444446 32.36
0.060208333333333336 32.47
0.06145833333333333 32.71
0.06215277777777778 32.82
0.06263888888888888 32.92
0.06399305555555555 33.17
0.06496527777777777 33.25
0.06555555555555556 33.36
0.06625 33.42
0.06711805555555556 33.73
0.06774305555555556 33.75
0.06888888888888889 33.97
0.06979166666666667 34.09
0.07083333333333333 34.21
0.07197916666666666 34.34
0.073125 34.44
0.07399305555555556 34.59
0.07444444444444444 34.72
0.07472222222222222 34.76
0.07565972222222223 34.86
0.07649305555555555 34.97
0.07684027777777777 34.99
0.07736111111111112 35.14
0.07892361111111111 35.35
0.07940972222222223 35.45
0.07979166666666666 35.48
0.08090277777777778 35.52
0.08190972222222222 35.67
0.0821875 35.74
0.08309027777777778 35.99
0.08409722222222223 36.04
0.08454861111111112 36.13
0.08527777777777777 36.16
0.08559027777777778 36.2
0.08673611111111111 36.39
0.0870486111111111 36.36
0.0875 36.39
0.08840277777777777 36.55
0.08902777777777778 36.55
0.08940972222222222 36.63
0.09020833333333333 36.67
0.09020833333333333 36.67
0.09152777777777778 36.78
0.09194444444444444 36.86
0.09225694444444445 36.93
0.09378472222222223 37.1
0.09402777777777778 37.06
0.09420138888888889 37.03
0.09541666666666666 37.17
0.09583333333333334 37.26
0.09625 37.29
0.0971875 37.37
0.09753472222222222 37.37
0.09847222222222222 37.47
0.0985763888888889 37.5
0.09923611111111111 37.62
0.09934027777777778 37.61
0.10131944444444445 37.73
0.10131944444444445 37.73
0.103125 37.87
0.10326388888888889 37.9
0.105 38.0
0.10819444444444444 38.18
0.10982638888888889 38.31
0.11215277777777778 38.43
0.1148263888888889 38.67
0.11725694444444444 38.82
0.11909722222222222 38.95
0.12177083333333333 39.0
0.1240625 39.16
0.12819444444444444 39.22
0.13236111111111112 39.42
0.13447916666666668 39.5
0.13895833333333332 39.66
0.14381944444444444 39.81
0.14704861111111112 39.91
0.15145833333333333 40.04
0.15618055555555554 40.15
0.1623263888888889 40.25
0.1679861111111111 40.35
0.17451388888888889 40.36
0.1817013888888889 40.45
0.19166666666666668 40.56
0.20034722222222223 40.52
0.20965277777777777 40.56
0.21364583333333334 40.53
