0.011527777777777777 29.7
0.014375 31.9
0.015416666666666667 32.29
0.016041666666666666 32.67
0.016666666666666666 33.06
0.017118055555555556 33.26
0.017743055555555557 33.38
0.018125 33.49
0.01871527777777778 33.75
0.01920138888888889 34.01
0.019965277777777776 34.03
0.0203125 34.21
0.02048611111111111 34.34
0.021215277777777777 34.61
0.021527777777777778 34.67
0.021701388888888888 34.86
0.022083333333333333 34.94
0.0221875 35.09
0.02263888888888889 35.27
0.022881944444444444 35.29
0.02329861111111111 35.46
0.02378472222222222 35.71
0.02361111111111111 35.84
0.02378472222222222 35.94
0.02423611111111111 35.92
0.0246875 36.06
0.025069444444444443 36.26
0.0253125 36.39
0.025729166666666668 36.5
0.025972222222222223 36.49
0.026145833333333333 36.41
0.026354166666666668 36.59
0.026979166666666665 36.76
0.027395833333333335 36.83
0.02784722222222222 37.03
0.027743055555555556 37.09
0.028229166666666666 37.21
0.028680555555555556 37.4
0.028888888888888888 37.4
0.02982638888888889 37.52
0.029861111111111113 37.54
0.029791666666666668 37.67
0.029930555555555554 37.69
0.030347222222222223 37.71
0.030381944444444444 37.75
0.030659722222222224 37.8
0.031041666666666665 37.76
0.03107638888888889 37.75
0.03170138888888889 37.89
0.03180555555555555 37.88
0.03184027777777778 37.89
0.03229166666666667 37.98
0.03284722222222222 38.06
0.03277777777777778 38.17
0.03305555555555555 38.21
0.03361111111111111 38.28
0.0334375 38.32
0.03378472222222222 38.26
0.033819444444444444 38.36
0.034375 38.49
0.034409722222222223 38.45
0.034618055555555555 38.38
0.034791666666666665 38.45
0.034965277777777776 38.45
0.035347222222222224 38.48
0.035590277777777776 38.49
0.035833333333333335 38.48
0.036145833333333335 38.6
0.03625 38.61
0.03638888888888889 38.68
0.03701388888888889 38.78
0.03690972222222222 38.81
0.03743055555555556 38.81
0.03777777777777778 38.7
0.03777777777777778 38.76
0.0384375 38.84
0.03881944444444444 39.02
0.03965277777777778 39.07
0.04086805555555555 39.07
0.04159722222222222 39.2
0.043090277777777776 39.29
0.04375 39.32
0.044583333333333336 39.47
0.04579861111111111 39.43
0.046875 39.56
0.04802083333333333 39.63
0.04902777777777778 39.66
0.050347222222222224 39.71
0.05236111111111111 39.75
0.05354166666666667 39.8
0.05586805555555555 39.8
0.05732638888888889 39.92
0.059027777777777776 39.93
0.06177083333333333 40.04
0.06347222222222222 39.99
0.06559027777777778 40.05
0.06895833333333333 40.07
0.0720486111111111 40.06
0.07534722222222222 40.09
0.07847222222222222 40.09
0.07909722222222222 40.08
