0.2151736111111111 99.0 0
0.2151736111111111 99.0 1
0.2151736111111111 99.0 2
0.2151736111111111 99.0 3
0.2151736111111111 99.0 4
0.2151736111111111 99.0 5
0.2151736111111111 99.0 6
0.2151736111111111 99.0 7
0.2151736111111111 99.0 8
0.2151736111111111 99.0 9
0.2151736111111111 99.0 10
0.2151736111111111 99.0 11
0.21503472222222222 99.0 12
0.21503472222222222 99.0 13
0.21503472222222222 99.0 14
0.21503472222222222 99.0 15
0.21465277777777778 99.0 16
0.21465277777777778 99.0 17
0.21465277777777778 99.0 18
0.21465277777777778 99.0 19
0.21510416666666668 99.0 20
0.21510416666666668 99.0 21
0.21510416666666668 99.0 22
0.21458333333333332 99.0 23
0.21458333333333332 99.0 24
0.2065625 99.0 25
0.20319444444444446 99.0 26
0.20319444444444446 99.0 27
0.20145833333333332 99.0 28
0.20145833333333332 99.0 29
0.20145833333333332 99.0 30
0.20145833333333332 99.0 31
0.20135416666666667 99.0 32
0.20135416666666667 99.0 33
0.20152777777777778 99.0 34
0.20152777777777778 99.0 35
0.20149305555555555 99.0 36
0.20149305555555555 99.0 37
0.20152777777777778 99.0 38
0.20152777777777778 99.0 39
0.20149305555555555 99.0 40
0.20166666666666666 99.0 41
0.20166666666666666 99.0 42
0.20145833333333332 99.0 43
0.20166666666666666 99.0 44
0.20166666666666666 99.0 45
0.20152777777777778 99.0 46
0.20166666666666666 99.0 47
0.20163194444444443 99.0 48
0.20163194444444443 99.0 49
0.20159722222222223 99.0 50
0.20177083333333334 99.0 52
0.20184027777777777 99.0 54
0.20180555555555554 99.0 56
0.2017013888888889 99.0 58
0.20190972222222223 99.0 60
0.20184027777777777 99.0 62
0.20184027777777777 99.0 64
0.20173611111111112 99.0 66
0.20177083333333334 99.0 68
0.20184027777777777 99.0 70
0.20190972222222223 99.0 72
0.20180555555555554 99.0 74
0.20184027777777777 99.0 76
0.20177083333333334 99.0 78
0.201875 99.0 80
0.20180555555555554 99.0 82
0.20020833333333332 99.0 84
0.20020833333333332 99.0 86
0.2003125 99.0 88
0.19975694444444445 99.0 90
0.20006944444444444 99.0 92
0.20020833333333332 99.0 94
0.20024305555555555 99.0 96
0.20041666666666666 99.0 98
0.1992361111111111 99.0 100
