0.014826388888888889 27.69
0.018819444444444444 29.96
0.02017361111111111 30.39
0.021076388888888888 30.82
0.022222222222222223 31.05
0.022881944444444444 31.4
0.02329861111111111 31.67
0.023854166666666666 31.89
0.024479166666666666 32.13
0.025243055555555557 32.31
0.02607638888888889 32.52
0.026354166666666668 32.68
0.026805555555555555 32.71
0.02753472222222222 32.93
0.02795138888888889 33.1
0.028506944444444446 33.28
0.029513888888888888 33.49
0.029895833333333333 33.45
0.029583333333333333 33.65
0.030034722222222223 33.77
0.030243055555555554 33.81
0.0309375 33.83
0.031041666666666665 33.98
0.03166666666666667 34.0
0.03197916666666667 34.22
0.03222222222222222 34.21
0.03263888888888889 34.29
0.03298611111111111 34.44
0.03361111111111111 34.65
0.03395833333333333 34.76
0.0346875 34.95
0.035381944444444445 35.13
0.036145833333333335 35.33
0.03642361111111111 35.4
0.03684027777777778 35.52
0.03711805555555556 35.57
0.0375 35.54
0.03840277777777778 35.65
0.03885416666666667 35.8
0.03951388888888889 35.91
0.03982638888888889 35.96
0.03986111111111111 35.97
0.04038194444444444 36.18
0.04111111111111111 36.22
0.04138888888888889 36.27
0.042118055555555554 36.37
0.0421875 36.38
0.043159722222222224 36.53
0.043680555555555556 36.55
0.04388888888888889 36.62
0.04454861111111111 36.65
0.044756944444444446 36.66
0.044895833333333336 36.76
0.04538194444444445 36.94
0.045625 36.97
0.04604166666666667 37.05
0.04659722222222222 37.11
0.04732638888888889 37.3
0.0478125 37.39
0.04798611111111111 37.39
0.048541666666666664 37.43
0.04878472222222222 37.39
0.048854166666666664 37.39
0.049375 37.39
0.049479166666666664 37.36
0.04986111111111111 37.38
0.050208333333333334 37.39
0.050486111111111114 37.4
0.050763888888888886 37.39
0.051145833333333335 37.57
0.051597222222222225 37.62
0.05204861111111111 37.74
0.05236111111111111 37.69
0.05243055555555556 37.72
0.05298611111111111 37.79
0.05340277777777778 37.81
0.05430555555555556 37.91
0.05576388888888889 38.05
0.0575 38.12
0.058888888888888886 38.18
0.0603125 38.32
0.06131944444444445 38.41
0.06322916666666667 38.52
0.06444444444444444 38.54
0.06677083333333333 38.72
0.06809027777777778 38.73
0.07072916666666666 38.81
0.07274305555555556 38.96
0.07482638888888889 38.99
0.07736111111111112 39.07
0.08041666666666666 39.15
0.0829513888888889 39.14
0.08590277777777777 39.28
0.08979166666666667 39.36
0.0920138888888889 39.41
0.09541666666666666 39.39
0.10170138888888888 39.47
0.10809027777777777 39.56
0.11309027777777778 39.5
0.11795138888888888 39.51
0.12038194444444444 39.5
