0.02767361111111111 48.86
0.02767361111111111 48.86
0.02767361111111111 48.86
0.02767361111111111 48.86
0.02767361111111111 48.86
0.02767361111111111 48.86
0.02767361111111111 48.86
0.02767361111111111 48.86
0.02767361111111111 48.86
0.02767361111111111 48.86
0.02767361111111111 48.86
0.02767361111111111 48.86
0.02767361111111111 48.86
0.02767361111111111 48.86
0.02767361111111111 48.86
0.02767361111111111 48.86
0.02767361111111111 48.86
0.02767361111111111 48.86
0.02767361111111111 48.86
0.02767361111111111 48.86
0.03236111111111111 54.12
0.03236111111111111 54.12
0.03236111111111111 54.12
0.03236111111111111 54.12
0.03236111111111111 54.12
0.03236111111111111 54.12
0.03236111111111111 54.12
0.03236111111111111 54.12
0.03236111111111111 54.12
0.03236111111111111 54.12
0.03236111111111111 54.12
0.03236111111111111 54.12
0.03236111111111111 54.12
0.03236111111111111 54.12
0.03236111111111111 54.12
0.03236111111111111 54.12
0.03236111111111111 54.12
0.03236111111111111 54.12
0.03236111111111111 54.12
0.03236111111111111 54.12
0.03788194444444445 59.71
0.03788194444444445 59.71
0.03788194444444445 59.71
0.03788194444444445 59.71
0.03788194444444445 59.71
0.03788194444444445 59.71
0.03788194444444445 59.71
0.03788194444444445 59.71
0.03788194444444445 59.71
0.03788194444444445 59.71
0.03788194444444445 59.71
0.03788194444444445 59.71
0.03788194444444445 59.71
0.03788194444444445 59.71
0.03788194444444445 59.71
0.03788194444444445 59.71
0.03788194444444445 59.71
0.03788194444444445 59.71
0.03788194444444445 59.71
0.03788194444444445 59.71
0.04538194444444445 64.8
0.04538194444444445 64.8
0.04538194444444445 64.8
0.04538194444444445 64.8
0.04538194444444445 64.8
0.04538194444444445 64.8
0.04538194444444445 64.8
0.04538194444444445 64.8
0.04538194444444445 64.8
0.04538194444444445 64.8
0.04538194444444445 64.8
0.04538194444444445 64.8
0.04538194444444445 64.8
0.04538194444444445 64.8
0.04538194444444445 64.8
0.04538194444444445 64.8
0.04538194444444445 64.8
0.04538194444444445 64.8
0.04538194444444445 64.8
0.04538194444444445 64.8
0.051076388888888886 68.96
0.051076388888888886 68.96
0.051076388888888886 68.96
0.051076388888888886 68.96
0.051076388888888886 68.96
0.051076388888888886 68.96
0.051076388888888886 68.96
0.051076388888888886 68.96
0.051076388888888886 68.96
0.051076388888888886 68.96
0.051076388888888886 68.96
0.051076388888888886 68.96
0.051076388888888886 68.96
0.051076388888888886 68.96
0.051076388888888886 68.96
0.051076388888888886 68.96
0.051076388888888886 68.96
0.051076388888888886 68.96
0.051076388888888886 68.96
0.051076388888888886 68.96
0.05767361111111111 99.0
