0.011111111111111112 29.7
0.01361111111111111 31.6
0.014513888888888889 32.02
0.0153125 32.43
0.01576388888888889 32.6
0.01638888888888889 32.98
0.017013888888888887 33.06
0.017465277777777777 33.4
0.018125 33.8
0.018680555555555554 34.0
0.01940972222222222 34.12
0.019270833333333334 34.33
0.02003472222222222 34.34
0.020416666666666666 34.44
0.020729166666666667 34.53
0.02065972222222222 34.67
0.021180555555555557 34.92
0.021770833333333333 34.95
0.021944444444444444 35.16
0.021840277777777778 35.17
0.0221875 35.37
0.022604166666666668 35.4
0.022881944444444444 35.75
0.0228125 35.87
0.023229166666666665 36.08
0.0234375 36.14
0.024027777777777776 36.18
0.02420138888888889 36.21
0.02440972222222222 36.26
0.024652777777777777 36.32
0.025104166666666667 36.41
0.025833333333333333 36.7
0.025729166666666668 36.73
0.026180555555555554 36.83
0.02652777777777778 36.99
0.026805555555555555 36.98
0.026875 37.12
0.027291666666666665 37.17
0.02767361111111111 37.29
0.02784722222222222 37.36
0.02795138888888889 37.42
0.02829861111111111 37.42
0.02875 37.54
0.028993055555555557 37.51
0.029201388888888888 37.49
0.02982638888888889 37.73
0.029756944444444444 37.73
0.03017361111111111 37.76
0.030381944444444444 37.82
0.03076388888888889 37.89
0.03076388888888889 37.89
0.0309375 37.96
0.03138888888888889 37.95
0.03149305555555556 37.96
0.03166666666666667 37.97
0.03197916666666667 38.09
0.03197916666666667 38.09
0.03236111111111111 38.15
0.03256944444444444 38.23
0.03298611111111111 38.3
0.0334375 38.29
0.03347222222222222 38.3
0.03388888888888889 38.34
0.03409722222222222 38.33
0.034270833333333334 38.39
0.034305555555555554 38.39
0.034513888888888886 38.37
0.035208333333333335 38.39
0.035208333333333335 38.39
0.035451388888888886 38.46
0.035451388888888886 38.46
0.035798611111111114 38.56
0.03607638888888889 38.49
0.036284722222222225 38.56
0.0365625 38.57
0.03680555555555556 38.58
0.03756944444444445 38.69
0.03833333333333333 38.88
0.03940972222222222 39.0
0.04048611111111111 39.06
0.04131944444444444 39.06
0.04201388888888889 39.1
0.043298611111111114 39.18
0.043993055555555556 39.21
0.04503472222222222 39.25
0.04652777777777778 39.41
0.0478125 39.42
0.04902777777777778 39.45
0.050590277777777776 39.48
0.05232638888888889 39.53
0.05368055555555556 39.54
0.05555555555555555 39.62
0.057152777777777775 39.64
0.06013888888888889 39.71
0.06184027777777778 39.72
0.0634375 39.74
0.06663194444444444 39.74
0.0703125 39.77
0.07256944444444445 39.77
0.0753125 39.8
0.07729166666666666 39.78
