0.022847222222222224 50.66
0.022847222222222224 50.66
0.022847222222222224 50.66
0.022847222222222224 50.66
0.022847222222222224 50.66
0.022847222222222224 50.66
0.022847222222222224 50.66
0.022847222222222224 50.66
0.022847222222222224 50.66
0.022847222222222224 50.66
0.022847222222222224 50.66
0.022847222222222224 50.66
0.022847222222222224 50.66
0.022847222222222224 50.66
0.022847222222222224 50.66
0.022847222222222224 50.66
0.022847222222222224 50.66
0.022847222222222224 50.66
0.022847222222222224 50.66
0.022847222222222224 50.66
0.0271875 55.45
0.0271875 55.45
0.0271875 55.45
0.0271875 55.45
0.0271875 55.45
0.0271875 55.45
0.0271875 55.45
0.0271875 55.45
0.0271875 55.45
0.0271875 55.45
0.0271875 55.45
0.0271875 55.45
0.0271875 55.45
0.0271875 55.45
0.0271875 55.45
0.0271875 55.45
0.0271875 55.45
0.0271875 55.45
0.0271875 55.45
0.0271875 55.45
0.03121527777777778 60.91
0.03121527777777778 60.91
0.03121527777777778 60.91
0.03121527777777778 60.91
0.03121527777777778 60.91
0.03121527777777778 60.91
0.03121527777777778 60.91
0.03121527777777778 60.91
0.03121527777777778 60.91
0.03121527777777778 60.91
0.03121527777777778 60.91
0.03121527777777778 60.91
0.03121527777777778 60.91
0.03121527777777778 60.91
0.03121527777777778 60.91
0.03121527777777778 60.91
0.03121527777777778 60.91
0.03121527777777778 60.91
0.03121527777777778 60.91
0.03121527777777778 60.91
0.03729166666666667 65.95
0.03729166666666667 65.95
0.03729166666666667 65.95
0.03729166666666667 65.95
0.03729166666666667 65.95
0.03729166666666667 65.95
0.03729166666666667 65.95
0.03729166666666667 65.95
0.03729166666666667 65.95
0.03729166666666667 65.95
0.03729166666666667 65.95
0.03729166666666667 65.95
0.03729166666666667 65.95
0.03729166666666667 65.95
0.03729166666666667 65.95
0.03729166666666667 65.95
0.03729166666666667 65.95
0.03729166666666667 65.95
0.03729166666666667 65.95
0.03729166666666667 65.95
0.040625 70.47
0.040625 70.47
0.040625 70.47
0.040625 70.47
0.040625 70.47
0.040625 70.47
0.040625 70.47
0.040625 70.47
0.040625 70.47
0.040625 70.47
0.040625 70.47
0.040625 70.47
0.040625 70.47
0.040625 70.47
0.040625 70.47
0.040625 70.47
0.040625 70.47
0.040625 70.47
0.040625 70.47
0.040625 70.47
0.04510416666666667 99.0
