0.04125 47.53
0.04125 47.53
0.04125 47.53
0.04125 47.53
0.04125 47.53
0.04125 47.53
0.04125 47.53
0.04125 47.53
0.04125 47.53
0.04125 47.53
0.04125 47.53
0.04125 47.53
0.04125 47.53
0.04125 47.53
0.04125 47.53
0.04125 47.53
0.04125 47.53
0.04125 47.53
0.04125 47.53
0.04125 47.53
0.04829861111111111 52.3
0.04829861111111111 52.3
0.04829861111111111 52.3
0.04829861111111111 52.3
0.04829861111111111 52.3
0.04829861111111111 52.3
0.04829861111111111 52.3
0.04829861111111111 52.3
0.04829861111111111 52.3
0.04829861111111111 52.3
0.04829861111111111 52.3
0.04829861111111111 52.3
0.04829861111111111 52.3
0.04829861111111111 52.3
0.04829861111111111 52.3
0.04829861111111111 52.3
0.04829861111111111 52.3
0.04829861111111111 52.3
0.04829861111111111 52.3
0.04829861111111111 52.3
0.05625 57.86
0.05625 57.86
0.05625 57.86
0.05625 57.86
0.05625 57.86
0.05625 57.86
0.05625 57.86
0.05625 57.86
0.05625 57.86
0.05625 57.86
0.05625 57.86
0.05625 57.86
0.05625 57.86
0.05625 57.86
0.05625 57.86
0.05625 57.86
0.05625 57.86
0.05625 57.86
0.05625 57.86
0.05625 57.86
0.06666666666666667 62.75
0.06666666666666667 62.75
0.06666666666666667 62.75
0.06666666666666667 62.75
0.06666666666666667 62.75
0.06666666666666667 62.75
0.06666666666666667 62.75
0.06666666666666667 62.75
0.06666666666666667 62.75
0.06666666666666667 62.75
0.06666666666666667 62.75
0.06666666666666667 62.75
0.06666666666666667 62.75
0.06666666666666667 62.75
0.06666666666666667 62.75
0.06666666666666667 62.75
0.06666666666666667 62.75
0.06666666666666667 62.75
0.06666666666666667 62.75
0.06666666666666667 62.75
0.07350694444444444 67.0
0.07350694444444444 67.0
0.07350694444444444 67.0
0.07350694444444444 67.0
0.07350694444444444 67.0
0.07350694444444444 67.0
0.07350694444444444 67.0
0.07350694444444444 67.0
0.07350694444444444 67.0
0.07350694444444444 67.0
0.07350694444444444 67.0
0.07350694444444444 67.0
0.07350694444444444 67.0
0.07350694444444444 67.0
0.07350694444444444 67.0
0.07350694444444444 67.0
0.07350694444444444 67.0
0.07350694444444444 67.0
0.07350694444444444 67.0
0.07350694444444444 67.0
0.08454861111111112 99.0
