0.03930555555555556 47.59
0.03930555555555556 47.59
0.03930555555555556 47.59
0.03930555555555556 47.59
0.03930555555555556 47.59
0.03930555555555556 47.59
0.03930555555555556 47.59
0.03930555555555556 47.59
0.03930555555555556 47.59
0.03930555555555556 47.59
0.03930555555555556 47.59
0.03930555555555556 47.59
0.03930555555555556 47.59
0.03930555555555556 47.59
0.03930555555555556 47.59
0.03930555555555556 47.59
0.03930555555555556 47.59
0.03930555555555556 47.59
0.03930555555555556 47.59
0.03930555555555556 47.59
0.04635416666666667 52.45
0.04635416666666667 52.45
0.04635416666666667 52.45
0.04635416666666667 52.45
0.04635416666666667 52.45
0.04635416666666667 52.45
0.04635416666666667 52.45
0.04635416666666667 52.45
0.04635416666666667 52.45
0.04635416666666667 52.45
0.04635416666666667 52.45
0.04635416666666667 52.45
0.04635416666666667 52.45
0.04635416666666667 52.45
0.04635416666666667 52.45
0.04635416666666667 52.45
0.04635416666666667 52.45
0.04635416666666667 52.45
0.04635416666666667 52.45
0.04635416666666667 52.45
0.05444444444444444 57.99
0.05444444444444444 57.99
0.05444444444444444 57.99
0.05444444444444444 57.99
0.05444444444444444 57.99
0.05444444444444444 57.99
0.05444444444444444 57.99
0.05444444444444444 57.99
0.05444444444444444 57.99
0.05444444444444444 57.99
0.05444444444444444 57.99
0.05444444444444444 57.99
0.05444444444444444 57.99
0.05444444444444444 57.99
0.05444444444444444 57.99
0.05444444444444444 57.99
0.05444444444444444 57.99
0.05444444444444444 57.99
0.05444444444444444 57.99
0.05444444444444444 57.99
0.06538194444444445 62.99
0.06538194444444445 62.99
0.06538194444444445 62.99
0.06538194444444445 62.99
0.06538194444444445 62.99
0.06538194444444445 62.99
0.06538194444444445 62.99
0.06538194444444445 62.99
0.06538194444444445 62.99
0.06538194444444445 62.99
0.06538194444444445 62.99
0.06538194444444445 62.99
0.06538194444444445 62.99
0.06538194444444445 62.99
0.06538194444444445 62.99
0.06538194444444445 62.99
0.06538194444444445 62.99
0.06538194444444445 62.99
0.06538194444444445 62.99
0.06538194444444445 62.99
0.0745138888888889 67.38
0.0745138888888889 67.38
0.0745138888888889 67.38
0.0745138888888889 67.38
0.0745138888888889 67.38
0.0745138888888889 67.38
0.0745138888888889 67.38
0.0745138888888889 67.38
0.0745138888888889 67.38
0.0745138888888889 67.38
0.0745138888888889 67.38
0.0745138888888889 67.38
0.0745138888888889 67.38
0.0745138888888889 67.38
0.0745138888888889 67.38
0.0745138888888889 67.38
0.0745138888888889 67.38
0.0745138888888889 67.38
0.0745138888888889 67.38
0.0745138888888889 67.38
0.08375 99.0
