0.03746527777777778 47.94
0.03746527777777778 47.94
0.03746527777777778 47.94
0.03746527777777778 47.94
0.03746527777777778 47.94
0.03746527777777778 47.94
0.03746527777777778 47.94
0.03746527777777778 47.94
0.03746527777777778 47.94
0.03746527777777778 47.94
0.03746527777777778 47.94
0.03746527777777778 47.94
0.03746527777777778 47.94
0.03746527777777778 47.94
0.03746527777777778 47.94
0.03746527777777778 47.94
0.03746527777777778 47.94
0.03746527777777778 47.94
0.03746527777777778 47.94
0.03746527777777778 47.94
0.04503472222222222 52.61
0.04503472222222222 52.61
0.04503472222222222 52.61
0.04503472222222222 52.61
0.04503472222222222 52.61
0.04503472222222222 52.61
0.04503472222222222 52.61
0.04503472222222222 52.61
0.04503472222222222 52.61
0.04503472222222222 52.61
0.04503472222222222 52.61
0.04503472222222222 52.61
0.04503472222222222 52.61
0.04503472222222222 52.61
0.04503472222222222 52.61
0.04503472222222222 52.61
0.04503472222222222 52.61
0.04503472222222222 52.61
0.04503472222222222 52.61
0.04503472222222222 52.61
0.05319444444444445 58.4
0.05319444444444445 58.4
0.05319444444444445 58.4
0.05319444444444445 58.4
0.05319444444444445 58.4
0.05319444444444445 58.4
0.05319444444444445 58.4
0.05319444444444445 58.4
0.05319444444444445 58.4
0.05319444444444445 58.4
0.05319444444444445 58.4
0.05319444444444445 58.4
0.05319444444444445 58.4
0.05319444444444445 58.4
0.05319444444444445 58.4
0.05319444444444445 58.4
0.05319444444444445 58.4
0.05319444444444445 58.4
0.05319444444444445 58.4
0.05319444444444445 58.4
0.06364583333333333 63.35
0.06364583333333333 63.35
0.06364583333333333 63.35
0.06364583333333333 63.35
0.06364583333333333 63.35
0.06364583333333333 63.35
0.06364583333333333 63.35
0.06364583333333333 63.35
0.06364583333333333 63.35
0.06364583333333333 63.35
0.06364583333333333 63.35
0.06364583333333333 63.35
0.06364583333333333 63.35
0.06364583333333333 63.35
0.06364583333333333 63.35
0.06364583333333333 63.35
0.06364583333333333 63.35
0.06364583333333333 63.35
0.06364583333333333 63.35
0.06364583333333333 63.35
0.07100694444444444 67.72
0.07100694444444444 67.72
0.07100694444444444 67.72
0.07100694444444444 67.72
0.07100694444444444 67.72
0.07100694444444444 67.72
0.07100694444444444 67.72
0.07100694444444444 67.72
0.07100694444444444 67.72
0.07100694444444444 67.72
0.07100694444444444 67.72
0.07100694444444444 67.72
0.07100694444444444 67.72
0.07100694444444444 67.72
0.07100694444444444 67.72
0.07100694444444444 67.72
0.07100694444444444 67.72
0.07100694444444444 67.72
0.07100694444444444 67.72
0.07100694444444444 67.72
0.07961805555555555 99.0
