0.01204861111111111 29.95
0.014409722222222223 31.64
0.01576388888888889 32.17
0.01642361111111111 32.67
0.016979166666666667 33.04
0.017534722222222222 33.22
0.018229166666666668 33.58
0.0184375 33.71
0.01902777777777778 33.94
0.019166666666666665 34.13
0.019965277777777776 34.24
0.020104166666666666 34.41
0.020520833333333332 34.54
0.020729166666666667 34.8
0.021215277777777777 34.89
0.021527777777777778 35.02
0.021631944444444443 35.25
0.022395833333333334 35.27
0.02246527777777778 35.24
0.022847222222222224 35.45
0.02309027777777778 35.66
0.02347222222222222 35.7
0.02347222222222222 35.99
0.024027777777777776 36.13
0.02409722222222222 36.28
0.0246875 36.4
0.024791666666666667 36.39
0.024930555555555556 36.4
0.025243055555555557 36.54
0.025520833333333333 36.59
0.026111111111111113 36.66
0.026319444444444444 36.82
0.026944444444444444 36.95
0.0271875 37.0
0.027430555555555555 37.17
0.02746527777777778 37.16
0.027777777777777776 37.23
0.028229166666666666 37.35
0.028541666666666667 37.36
0.029201388888888888 37.49
0.029166666666666667 37.56
0.029513888888888888 37.58
0.029618055555555557 37.61
0.029756944444444444 37.69
0.0303125 37.79
0.030555555555555555 37.85
0.03076388888888889 37.97
0.030868055555555555 37.86
0.03138888888888889 38.0
0.03166666666666667 38.12
0.03166666666666667 38.12
0.03201388888888889 38.09
0.03215277777777778 38.09
0.03232638888888889 38.21
0.03260416666666666 38.26
0.03284722222222222 38.29
0.03302083333333333 38.3
0.03329861111111111 38.28
0.03364583333333333 38.33
0.03388888888888889 38.48
0.03378472222222222 38.43
0.034409722222222223 38.57
0.034409722222222223 38.57
0.035 38.58
0.035277777777777776 38.69
0.035277777777777776 38.69
0.035694444444444445 38.74
0.035694444444444445 38.69
0.035868055555555556 38.64
0.03611111111111111 38.82
0.036458333333333336 38.78
0.03670138888888889 38.93
0.037083333333333336 38.94
0.037083333333333336 38.94
0.03722222222222222 38.91
0.03722222222222222 38.91
0.03857638888888889 39.03
0.03982638888888889 39.15
0.04069444444444444 39.28
0.04145833333333333 39.38
0.042743055555555555 39.42
0.043333333333333335 39.46
0.04423611111111111 39.56
0.04454861111111111 39.64
0.04614583333333333 39.67
0.04704861111111111 39.68
0.04826388888888889 39.73
0.049340277777777775 39.85
0.0515625 39.87
0.05333333333333334 39.89
0.05482638888888889 39.96
0.05618055555555555 40.02
0.057604166666666665 40.02
0.06059027777777778 40.11
0.06194444444444445 40.12
0.06388888888888888 40.19
0.06684027777777778 40.18
0.07072916666666666 40.2
0.07253472222222222 40.2
0.07659722222222222 40.21
0.07729166666666666 40.21
