0.033125 23.96
0.0459375 26.23
0.04986111111111111 26.77
0.05288194444444445 27.17
0.05545138888888889 27.59
0.058298611111111114 27.87
0.059722222222222225 28.08
0.06177083333333333 28.34
0.06350694444444445 28.55
0.06440972222222222 28.7
0.06635416666666667 28.92
0.06840277777777778 29.12
0.06878472222222222 29.26
0.07038194444444444 29.38
0.07079861111111112 29.54
0.07284722222222222 29.71
0.07423611111111111 29.88
0.07534722222222222 29.93
0.07784722222222222 30.13
0.07840277777777778 30.2
0.07993055555555556 30.25
0.08145833333333333 30.36
0.0823263888888889 30.41
0.0834375 30.52
0.08458333333333333 30.67
0.08576388888888889 30.81
0.08732638888888888 30.93
0.0890625 31.12
0.08993055555555556 31.21
0.09121527777777778 31.32
0.09243055555555556 31.39
0.09371527777777777 31.56
0.09458333333333334 31.61
0.0954861111111111 31.68
0.09631944444444444 31.79
0.09777777777777778 31.84
0.09861111111111111 31.89
0.10079861111111112 31.98
0.10236111111111111 32.17
0.10288194444444444 32.2
0.10319444444444445 32.21
0.1051736111111111 32.31
0.10541666666666667 32.37
0.10590277777777778 32.38
0.10743055555555556 32.49
0.10788194444444445 32.57
0.10892361111111111 32.56
0.11017361111111111 32.68
0.11104166666666666 32.68
0.1123611111111111 32.8
0.1123611111111111 32.8
0.11322916666666667 32.86
0.11371527777777778 32.86
0.11409722222222222 32.85
0.115625 32.97
0.1159375 32.97
0.11704861111111112 32.97
0.11763888888888889 33.01
0.11826388888888889 33.09
0.11881944444444445 33.08
0.12076388888888889 33.18
0.1207986111111111 33.15
0.12270833333333334 33.24
0.12295138888888889 33.3
0.12409722222222222 33.29
0.12409722222222222 33.29
0.125625 33.31
0.12649305555555557 33.35
0.12739583333333335 33.36
0.12885416666666666 33.52
0.12958333333333333 33.5
0.1298263888888889 33.5
0.1309722222222222 33.54
0.1317361111111111 33.56
0.131875 33.58
0.1335763888888889 33.59
0.1367361111111111 33.7
0.13923611111111112 33.85
0.14381944444444444 33.92
0.14614583333333334 33.93
0.14888888888888888 34.04
0.15243055555555557 34.06
0.15645833333333334 34.18
0.15979166666666667 34.27
0.16461805555555556 34.29
0.16822916666666668 34.41
0.17135416666666667 34.39
0.17868055555555556 34.5
0.18263888888888888 34.57
0.18736111111111112 34.65
0.19336805555555556 34.69
0.2009027777777778 34.67
0.2075 34.81
0.21097222222222223 34.76
0.2185763888888889 34.83
0.2271527777777778 34.91
0.23645833333333333 34.92
0.24854166666666666 34.98
0.25940972222222225 34.92
0.2751388888888889 34.99
0.2823263888888889 34.93
