0.035729166666666666 48.46
0.035729166666666666 48.46
0.035729166666666666 48.46
0.035729166666666666 48.46
0.035729166666666666 48.46
0.035729166666666666 48.46
0.035729166666666666 48.46
0.035729166666666666 48.46
0.035729166666666666 48.46
0.035729166666666666 48.46
0.035729166666666666 48.46
0.035729166666666666 48.46
0.035729166666666666 48.46
0.035729166666666666 48.46
0.035729166666666666 48.46
0.035729166666666666 48.46
0.035729166666666666 48.46
0.035729166666666666 48.46
0.035729166666666666 48.46
0.035729166666666666 48.46
0.04125 53.22
0.04125 53.22
0.04125 53.22
0.04125 53.22
0.04125 53.22
0.04125 53.22
0.04125 53.22
0.04125 53.22
0.04125 53.22
0.04125 53.22
0.04125 53.22
0.04125 53.22
0.04125 53.22
0.04125 53.22
0.04125 53.22
0.04125 53.22
0.04125 53.22
0.04125 53.22
0.04125 53.22
0.04125 53.22
0.04951388888888889 58.61
0.04951388888888889 58.61
0.04951388888888889 58.61
0.04951388888888889 58.61
0.04951388888888889 58.61
0.04951388888888889 58.61
0.04951388888888889 58.61
0.04951388888888889 58.61
0.04951388888888889 58.61
0.04951388888888889 58.61
0.04951388888888889 58.61
0.04951388888888889 58.61
0.04951388888888889 58.61
0.04951388888888889 58.61
0.04951388888888889 58.61
0.04951388888888889 58.61
0.04951388888888889 58.61
0.04951388888888889 58.61
0.04951388888888889 58.61
0.04951388888888889 58.61
0.05920138888888889 63.7
0.05920138888888889 63.7
0.05920138888888889 63.7
0.05920138888888889 63.7
0.05920138888888889 63.7
0.05920138888888889 63.7
0.05920138888888889 63.7
0.05920138888888889 63.7
0.05920138888888889 63.7
0.05920138888888889 63.7
0.05920138888888889 63.7
0.05920138888888889 63.7
0.05920138888888889 63.7
0.05920138888888889 63.7
0.05920138888888889 63.7
0.05920138888888889 63.7
0.05920138888888889 63.7
0.05920138888888889 63.7
0.05920138888888889 63.7
0.05920138888888889 63.7
0.06645833333333333 68.1
0.06645833333333333 68.1
0.06645833333333333 68.1
0.06645833333333333 68.1
0.06645833333333333 68.1
0.06645833333333333 68.1
0.06645833333333333 68.1
0.06645833333333333 68.1
0.06645833333333333 68.1
0.06645833333333333 68.1
0.06645833333333333 68.1
0.06645833333333333 68.1
0.06645833333333333 68.1
0.06645833333333333 68.1
0.06645833333333333 68.1
0.06645833333333333 68.1
0.06645833333333333 68.1
0.06645833333333333 68.1
0.06645833333333333 68.1
0.06645833333333333 68.1
0.0751388888888889 99.0
