0.03902777777777778 47.9
0.03902777777777778 47.9
0.03902777777777778 47.9
0.03902777777777778 47.9
0.03902777777777778 47.9
0.03902777777777778 47.9
0.03902777777777778 47.9
0.03902777777777778 47.9
0.03902777777777778 47.9
0.03902777777777778 47.9
0.03902777777777778 47.9
0.03902777777777778 47.9
0.03902777777777778 47.9
0.03902777777777778 47.9
0.03902777777777778 47.9
0.03902777777777778 47.9
0.03902777777777778 47.9
0.03902777777777778 47.9
0.03902777777777778 47.9
0.03902777777777778 47.9
0.04572916666666667 52.41
0.04572916666666667 52.41
0.04572916666666667 52.41
0.04572916666666667 52.41
0.04572916666666667 52.41
0.04572916666666667 52.41
0.04572916666666667 52.41
0.04572916666666667 52.41
0.04572916666666667 52.41
0.04572916666666667 52.41
0.04572916666666667 52.41
0.04572916666666667 52.41
0.04572916666666667 52.41
0.04572916666666667 52.41
0.04572916666666667 52.41
0.04572916666666667 52.41
0.04572916666666667 52.41
0.04572916666666667 52.41
0.04572916666666667 52.41
0.04572916666666667 52.41
0.05253472222222222 57.9
0.05253472222222222 57.9
0.05253472222222222 57.9
0.05253472222222222 57.9
0.05253472222222222 57.9
0.05253472222222222 57.9
0.05253472222222222 57.9
0.05253472222222222 57.9
0.05253472222222222 57.9
0.05253472222222222 57.9
0.05253472222222222 57.9
0.05253472222222222 57.9
0.05253472222222222 57.9
0.05253472222222222 57.9
0.05253472222222222 57.9
0.05253472222222222 57.9
0.05253472222222222 57.9
0.05253472222222222 57.9
0.05253472222222222 57.9
0.05253472222222222 57.9
0.06263888888888888 62.88
0.06263888888888888 62.88
0.06263888888888888 62.88
0.06263888888888888 62.88
0.06263888888888888 62.88
0.06263888888888888 62.88
0.06263888888888888 62.88
0.06263888888888888 62.88
0.06263888888888888 62.88
0.06263888888888888 62.88
0.06263888888888888 62.88
0.06263888888888888 62.88
0.06263888888888888 62.88
0.06263888888888888 62.88
0.06263888888888888 62.88
0.06263888888888888 62.88
0.06263888888888888 62.88
0.06263888888888888 62.88
0.06263888888888888 62.88
0.06263888888888888 62.88
0.07072916666666666 67.47
0.07072916666666666 67.47
0.07072916666666666 67.47
0.07072916666666666 67.47
0.07072916666666666 67.47
0.07072916666666666 67.47
0.07072916666666666 67.47
0.07072916666666666 67.47
0.07072916666666666 67.47
0.07072916666666666 67.47
0.07072916666666666 67.47
0.07072916666666666 67.47
0.07072916666666666 67.47
0.07072916666666666 67.47
0.07072916666666666 67.47
0.07072916666666666 67.47
0.07072916666666666 67.47
0.07072916666666666 67.47
0.07072916666666666 67.47
0.07072916666666666 67.47
0.08121527777777778 99.0
