0.18052083333333332 99.0 0
0.18052083333333332 99.0 1
0.18052083333333332 99.0 2
0.18052083333333332 99.0 3
0.18052083333333332 99.0 4
0.18052083333333332 99.0 5
0.18052083333333332 99.0 6
0.18052083333333332 99.0 7
0.18052083333333332 99.0 8
0.18052083333333332 99.0 9
0.18052083333333332 99.0 10
0.18052083333333332 99.0 11
0.18090277777777777 99.0 12
0.18090277777777777 99.0 13
0.18090277777777777 99.0 14
0.18090277777777777 99.0 15
0.180625 99.0 16
0.180625 99.0 17
0.180625 99.0 18
0.180625 99.0 19
0.17881944444444445 99.0 20
0.17881944444444445 99.0 21
0.17881944444444445 99.0 22
0.18069444444444444 99.0 23
0.18069444444444444 99.0 24
0.16927083333333334 99.0 25
0.1713888888888889 99.0 26
0.1713888888888889 99.0 27
0.1715625 99.0 28
0.1715625 99.0 29
0.17142361111111112 99.0 30
0.17142361111111112 99.0 31
0.17152777777777778 99.0 32
0.17152777777777778 99.0 33
0.17135416666666667 99.0 34
0.17135416666666667 99.0 35
0.17145833333333332 99.0 36
0.17145833333333332 99.0 37
0.17142361111111112 99.0 38
0.17142361111111112 99.0 39
0.1712847222222222 99.0 40
0.16930555555555554 99.0 41
0.16930555555555554 99.0 42
0.16909722222222223 99.0 43
0.16934027777777777 99.0 44
0.16934027777777777 99.0 45
0.16930555555555554 99.0 46
0.169375 99.0 47
0.16930555555555554 99.0 48
0.16930555555555554 99.0 49
0.1712847222222222 99.0 50
0.16868055555555556 99.0 52
0.16868055555555556 99.0 54
0.16868055555555556 99.0 56
0.16868055555555556 99.0 58
0.16868055555555556 99.0 60
0.17211805555555557 99.0 62
0.17194444444444446 99.0 64
0.17197916666666666 99.0 66
0.1698611111111111 99.0 68
0.16989583333333333 99.0 70
0.1700347222222222 99.0 72
0.17010416666666667 99.0 74
0.17 99.0 76
0.16868055555555556 99.0 78
0.16868055555555556 99.0 80
0.16868055555555556 99.0 82
0.16868055555555556 99.0 84
0.16868055555555556 99.0 86
0.16868055555555556 99.0 88
0.16868055555555556 99.0 90
0.16868055555555556 99.0 92
0.16868055555555556 99.0 94
0.17017361111111112 99.0 96
0.1725 99.0 98
0.16895833333333332 99.0 100
