0.012534722222222221 45.97
0.012534722222222221 45.97
0.012534722222222221 45.97
0.012534722222222221 45.97
0.012534722222222221 45.97
0.012534722222222221 45.97
0.012534722222222221 45.97
0.012534722222222221 45.97
0.012534722222222221 45.97
0.012534722222222221 45.97
0.012534722222222221 45.97
0.012534722222222221 45.97
0.012534722222222221 45.97
0.012534722222222221 45.97
0.012534722222222221 45.97
0.012534722222222221 45.97
0.012534722222222221 45.97
0.012534722222222221 45.97
0.012534722222222221 45.97
0.012534722222222221 45.97
0.01326388888888889 55.87
0.01326388888888889 55.87
0.01326388888888889 55.87
0.01326388888888889 55.87
0.01326388888888889 55.87
0.01326388888888889 55.87
0.01326388888888889 55.87
0.01326388888888889 55.87
0.01326388888888889 55.87
0.01326388888888889 55.87
0.01326388888888889 55.87
0.01326388888888889 55.87
0.01326388888888889 55.87
0.01326388888888889 55.87
0.01326388888888889 55.87
0.01326388888888889 55.87
0.01326388888888889 55.87
0.01326388888888889 55.87
0.01326388888888889 55.87
0.01326388888888889 55.87
0.01545138888888889 59.34
0.01545138888888889 59.34
0.01545138888888889 59.34
0.01545138888888889 59.34
0.01545138888888889 59.34
0.01545138888888889 59.34
0.01545138888888889 59.34
0.01545138888888889 59.34
0.01545138888888889 59.34
0.01545138888888889 59.34
0.01545138888888889 59.34
0.01545138888888889 59.34
0.01545138888888889 59.34
0.01545138888888889 59.34
0.01545138888888889 59.34
0.01545138888888889 59.34
0.01545138888888889 59.34
0.01545138888888889 59.34
0.01545138888888889 59.34
0.01545138888888889 59.34
0.02013888888888889 63.94
0.02013888888888889 63.94
0.02013888888888889 63.94
0.02013888888888889 63.94
0.02013888888888889 63.94
0.02013888888888889 63.94
0.02013888888888889 63.94
0.02013888888888889 63.94
0.02013888888888889 63.94
0.02013888888888889 63.94
0.02013888888888889 63.94
0.02013888888888889 63.94
0.02013888888888889 63.94
0.02013888888888889 63.94
0.02013888888888889 63.94
0.02013888888888889 63.94
0.02013888888888889 63.94
0.02013888888888889 63.94
0.02013888888888889 63.94
0.02013888888888889 63.94
0.022847222222222224 67.81
0.022847222222222224 67.81
0.022847222222222224 67.81
0.022847222222222224 67.81
0.022847222222222224 67.81
0.022847222222222224 67.81
0.022847222222222224 67.81
0.022847222222222224 67.81
0.022847222222222224 67.81
0.022847222222222224 67.81
0.022847222222222224 67.81
0.022847222222222224 67.81
0.022847222222222224 67.81
0.022847222222222224 67.81
0.022847222222222224 67.81
0.022847222222222224 67.81
0.022847222222222224 67.81
0.022847222222222224 67.81
0.022847222222222224 67.81
0.022847222222222224 67.81
0.024479166666666666 99.0
